"cerebral.cortex"	"hippocampus"	"hypothalamus"	"cerebellum"	"cerebral.cortex"	"hippocampus"	"hypothalamus"	"cerebellum"	"cerebral.cortex"	"hippocampus"	"hypothalamus"	"cerebellum"
"AI593442"	177	256	50	24	285	195	46	28	172	174	83	41
"Actr3b"	513	1465	228	244	666	929	157	519	479	665	280	337
"Adcy1"	701	1243	57	1910	836	997	55	2450	714	779	118	2500
"Adora1"	243	977	86	364	654	592	103	1133	349	579	228	662
"Agap2"	933	1582	281	271	1079	1703	285	566	1014	1502	422	421
"Ahi1"	179	425	1270	169	226	344	960	304	225	370	1424	229
"Ak5"	19	81	12	2	30	67	9	6	40	87	17	7
"Aldh1a1"	25	87	27	129	22	19	10	159	31	30	50	177
"Aldoc"	1208	2485	1508	3306	2208	1917	1619	7400	1600	1803	2340	5497
"Apod"	64	131	87	163	157	134	87	430	108	107	257	297
"Appl2"	32	89	28	249	77	64	38	304	44	68	72	332
"Aqp4"	64	239	110	400	183	215	143	515	171	207	228	635
"Arc"	9	47	5	13	19	35	7	7	318	106	25	10
"Arhgap21"	67	188	41	188	103	147	61	334	82	160	93	246
"Arhgap26"	386	335	264	591	572	265	258	1244	401	347	343	998
"Arhgap32"	773	424	177	151	1106	329	205	392	826	343	303	263
"Arhgap33"	22	23	5	3	29	12	11	8	39	21	16	4
"Arhgef7"	143	231	125	402	227	216	114	760	159	211	177	559
"Arpc5"	61	310	86	59	97	218	62	53	112	198	94	92
"Asph"	246	377	175	1135	347	299	168	2184	267	309	269	1699
"Atp1a1"	1157	1177	362	1843	2226	941	409	2936	1818	839	626	2910
"Atp1b2"	97	231	163	359	176	192	178	572	146	194	333	745
"Atp2b1"	2411	7520	744	1091	4037	6343	734	1541	3312	4564	1230	1636
"B3gat1"	501	1124	249	166	723	1045	234	277	561	733	292	240
"B630019K06Rik"	43	79	242	44	68	80	195	75	63	88	292	81
"BC029722"	87	168	108	360	145	163	94	524	117	163	170	463
"Basp1"	2210	2682	1462	64	2955	2481	1454	79	2536	2806	2110	72
"Bcl11a"	226	392	55	36	296	386	47	71	228	320	82	52
"Bcl11b"	229	1471	73	9	324	1090	43	4	266	727	173	8
"Btbd3"	228	561	127	783	238	434	105	1209	243	351	204	1110
"Cacna1a"	226	405	82	662	370	334	101	753	343	342	175	1246
"Cacnb4"	577	504	209	959	937	388	207	1243	683	357	259	1262
"Cacng3"	90	72	16	4	106	65	23	8	90	52	29	5
"Cadm3"	677	866	389	1604	828	854	391	3875	682	676	471	2013
"Cadps2"	41	77	23	127	34	61	29	187	16	54	31	215
"Calb1"	126	224	215	1054	147	164	190	1640	169	181	221	1642
"Caln1"	270	511	98	729	328	393	89	1344	285	454	208	1000
"Camk1d"	352	731	127	208	489	785	135	161	425	624	202	323
"Camk2a"	7365	15079	1161	259	10250	15044	1099	592	9413	12968	1948	430
"Camk2d"	66	30	103	238	59	32	93	194	67	55	155	258
"Camk2n1"	18548	10400	2564	1879	31275	10010	3281	4043	23721	9779	5559	3959
"Camk4"	325	288	77	1190	327	205	54	1408	272	209	87	1153
"Camkk1"	63	350	73	66	218	223	62	59	122	183	104	87
"Camkk2"	819	807	119	1007	1530	692	126	1496	1092	522	264	1654
"Camkv"	719	1801	410	8	809	1540	423	25	681	1483	538	15
"Car10"	218	73	103	296	270	53	98	420	222	72	151	427
"Cck"	488	732	21	57	753	674	57	101	612	520	52	87
"Ccnd2"	288	770	143	90	391	571	172	156	578	839	278	86
"Ccnl2"	60	172	73	256	131	164	74	454	100	138	121	341
"Cdk16"	725	783	233	1060	961	761	232	2036	882	694	424	1788
"Cdk19"	192	247	55	300	252	229	71	792	203	194	132	533
"Celf5"	282	595	151	54	388	498	113	49	355	460	191	51
"Chn1"	596	1245	137	77	884	1019	146	96	693	816	215	116
"Chn2"	153	152	127	2463	213	119	139	3404	176	142	283	3585
"Chst1"	1118	2535	709	186	1842	1973	653	439	1590	1819	980	247
"Cited2"	42	54	59	209	47	48	55	102	46	73	93	307
"Ckb"	2887	2682	1783	3825	3880	2633	2005	9460	2972	2168	2761	6433
"Clec2l"	77	84	32	165	87	75	39	258	62	60	53	194
"Clip3"	185	215	158	273	260	215	125	705	210	185	219	457
"Cnih2"	53	355	46	17	91	268	35	28	85	202	66	32
"Cnksr2"	450	1075	68	278	829	857	73	464	554	616	127	463
"Cnr1"	56	90	50	238	71	97	25	179	55	102	53	284
"Cobl"	71	16	38	6	155	13	33	10	102	29	42	2
"Coro2b"	77	156	41	121	138	148	52	374	90	158	63	287
"Cpne4"	32	136	26	2	63	133	22	3	60	126	34	3
"Cpne6"	63	546	49	3	90	481	68	5	75	382	92	2
"Crym"	79	409	11	0	99	327	7	0	93	466	37	0
"Csdc2"	2	10	8	18	11	18	10	49	13	19	15	39
"Ctcf"	237	508	205	411	349	357	188	1149	305	406	302	763
"Cttnbp2"	65	212	18	39	98	167	25	86	96	187	40	82
"Ctxn1"	234	270	71	2	238	244	69	4	181	223	79	1
"Cux1"	40	37	39	128	71	46	33	138	66	42	65	177
"Cx3cl1"	1146	1540	392	88	1611	1311	383	68	1541	1135	600	122
"D430019H16Rik"	135	590	241	7	215	427	265	22	182	434	339	8
"Dab2ip"	343	393	207	787	496	315	192	1442	374	295	286	1078
"Dbi"	437	1215	880	1855	739	991	1261	4674	627	918	1402	2940
"Dbn1"	138	241	94	34	138	254	82	25	136	208	95	47
"Ddn"	340	1415	53	1	464	1382	48	4	392	877	83	2
"Dgat2"	40	109	17	13	68	82	26	25	36	71	34	14
"Dgkz"	941	1206	170	1445	910	1415	176	2039	873	1036	234	2122
"Diras2"	333	351	50	431	463	344	85	1036	331	273	91	654
"Dixdc1"	39	92	44	123	58	70	30	189	45	64	51	145
"Dkk3"	128	221	27	2	241	144	31	9	148	169	30	11
"Dlgap3"	86	169	20	42	148	98	31	47	105	88	32	45
"Dner"	124	378	377	920	274	309	352	1871	208	323	520	1586
"Ednrb"	33	66	104	145	51	69	118	240	44	55	171	199
"Egr1"	325	444	46	122	777	418	42	132	2602	923	466	241
"Enc1"	1057	2683	289	20	1682	2705	303	14	1559	1741	398	23
"Enpp2"	246	1050	203	1071	444	245	285	532	323	307	433	299
"Epha4"	282	856	87	32	417	735	79	52	332	487	122	69
"Epha5"	60	194	62	15	97	216	80	28	80	151	97	25
"Ephx4"	23	18	2	13	27	38	6	3	39	21	4	14
"Erc2"	403	779	220	95	412	635	169	197	403	708	287	130
"Etv1"	162	218	14	558	274	203	30	523	170	202	47	874
"Fam107a"	98	145	56	235	119	111	45	237	147	158	100	380
"Fam131a"	518	1102	176	228	705	1289	134	33	655	955	197	410
"Fam163b"	42	154	17	6	70	104	12	2	74	56	28	2
"Fbxl16"	489	769	188	219	704	852	162	74	622	724	227	356
"Fgf13"	49	218	32	13	79	154	28	17	74	110	54	30
"Fnbp1"	94	212	121	489	197	146	122	586	105	144	181	522
"Fndc5"	121	207	81	341	146	190	77	675	130	165	170	547
"Foxg1"	75	200	11	0	157	168	7	1	101	158	37	0
"Fxyd7"	67	36	34	8	58	36	29	4	36	31	36	1
"Gaa"	104	227	404	79	141	183	432	154	132	188	583	110
"Gabra4"	141	207	36	25	193	210	43	62	134	166	76	67
"Gda"	854	952	354	1	1234	750	327	7	932	856	526	4
"Glo1"	126	428	190	204	285	291	230	747	134	162	218	253
"Gng13"	43	58	21	231	95	56	20	306	65	45	35	350
"Gng7"	39	169	19	10	53	128	25	11	22	88	49	11
"Gpr37l1"	133	294	151	435	207	251	171	874	176	195	264	785
"Gprasp2"	211	335	869	161	302	217	758	331	221	309	1158	240
"Gria1"	410	3761	785	888	734	2855	629	1180	736	2515	1148	1589
"Grin2a"	206	712	20	72	310	463	40	85	216	392	59	111
"Grin2b"	1020	2212	311	41	1105	1844	293	78	1022	1323	388	72
"Grm5"	374	865	250	30	430	731	235	27	423	720	379	31
"Hap1"	36	160	567	46	54	75	526	85	76	124	680	48
"Hopx"	14	71	7	111	19	48	16	40	51	66	19	164
"Hpca"	275	1353	75	51	375	1445	94	126	282	999	115	70
"Hpcal4"	484	728	222	32	579	617	210	53	561	665	301	34
"Hs3st4"	133	503	88	4	215	400	84	4	169	345	139	4
"Icam5"	126	428	33	3	172	430	35	2	193	378	41	1
"Id2"	518	470	189	771	1123	540	326	1883	786	572	522	1388
"Ier5"	259	269	49	78	484	261	71	141	664	224	82	116
"Inf2"	105	215	29	42	181	185	30	70	103	125	67	43
"Inpp5a"	74	125	107	873	125	125	125	1920	96	80	204	1275
"Itpka"	78	149	7	30	85	141	8	34	78	97	6	53
"Itpr1"	361	524	85	1983	593	371	96	3184	438	356	205	3102
"Jmjd1c"	84	146	72	399	98	127	70	528	105	132	101	458
"Junb"	154	266	96	54	171	313	50	44	1296	861	270	118
"Kalrn"	759	1337	101	75	1243	1151	111	106	925	937	183	109
"Kcnab2"	176	537	88	74	285	516	82	136	186	363	125	112
"Kcnb1"	292	261	82	23	448	194	77	36	388	200	120	34
"Kcnc1"	369	435	329	1621	485	366	311	2936	315	316	449	1977
"Kcnc2"	66	86	48	2	80	88	46	2	67	100	67	6
"Kcnd2"	219	585	174	1144	327	466	165	1726	226	386	265	1387
"Kcnf1"	33	22	14	0	68	25	17	0	74	32	25	2
"Kcnh3"	176	115	9	7	236	143	9	5	231	125	14	21
"Kcnip2"	53	267	24	4	137	243	24	6	74	141	35	3
"Kcnip4"	263	465	113	1613	397	437	148	2492	331	319	130	1623
"Kcnk1"	84	115	39	150	151	101	20	337	75	69	67	304
"Kcnq3"	193	461	57	40	239	310	66	73	190	263	115	63
"Kctd12"	22	140	45	100	57	168	27	177	48	122	62	222
"Khdrbs3"	262	374	88	15	347	379	100	31	322	381	124	25
"Klhl2"	135	447	66	60	248	338	91	62	170	334	114	108
"Kndc1"	103	174	124	356	174	124	140	612	138	210	226	525
"Lamp5"	307	71	11	0	344	57	21	0	313	47	27	2
"Lhx2"	102	149	13	0	141	152	8	1	114	160	22	0
"Limd2"	86	251	72	48	139	269	66	115	107	165	57	67
"Lin7a"	97	92	47	270	109	50	40	412	89	68	78	413
"Lingo1"	520	552	95	93	716	500	119	115	574	416	139	99
"Lix1"	74	165	25	29	92	125	33	17	102	120	57	32
"Lmo3"	28	154	34	2	45	124	32	2	35	179	54	2
"Lmo4"	1596	992	198	96	1899	1038	233	226	1494	868	335	184
"Lmtk2"	21	14	11	20	31	41	17	2	44	54	20	45
"Lrrc8b"	157	168	41	58	288	185	56	47	201	154	61	82
"Lsm14b"	21	53	27	31	32	35	19	34	95	73	79	146
"Lxn"	3	33	9	16	11	15	10	29	5	13	8	40
"Ly6h"	284	756	701	35	570	719	796	131	487	722	947	60
"Mal2"	720	1046	285	20	993	1207	330	21	850	1006	421	28
"Mast3"	55	103	16	7	62	108	17	23	70	75	17	16
"Matk"	44	100	38	13	61	109	29	24	48	87	38	18
"Mef2c"	2631	551	132	124	3033	477	161	254	2663	573	286	183
"Meis2"	123	94	29	2	208	87	39	13	216	105	123	11
"Mmd"	143	372	53	41	203	375	61	34	204	327	86	60
"Mmp17"	151	235	65	36	170	204	46	43	188	230	82	69
"Mpped1"	685	902	128	21	911	879	107	36	753	864	182	12
"Mtcl1"	32	31	21	156	37	16	20	261	31	24	32	223
"Nacc2"	248	359	248	583	312	282	291	1145	221	285	486	780
"Nap1l5"	291	432	1355	445	514	318	1193	328	379	411	1721	662
"Ncdn"	537	1653	370	279	634	1486	331	512	460	1182	508	345
"Ndn"	49	149	377	84	104	107	311	127	85	126	453	117
"Necab2"	6	28	14	1	9	25	12	5	3	20	15	1
"Nefh"	107	101	79	153	140	85	72	368	92	90	164	211
"Nell2"	1097	2256	363	582	1437	2228	343	1071	1085	1746	493	752
"Nfia"	258	801	273	1122	443	664	279	1849	408	577	410	1556
"Nfic"	131	184	71	373	218	129	77	619	178	159	147	602
"Ngef"	254	147	81	8	375	157	79	21	322	131	158	24
"Nlk"	281	256	56	89	494	185	68	199	400	194	140	177
"Nnat"	70	548	745	94	115	418	925	211	131	614	1117	148
"Nptx1"	112	268	69	308	128	250	39	472	109	246	67	489
"Nr4a1"	28	58	3	8	39	61	9	1	245	113	21	87
"Nrep"	245	169	94	1660	480	144	55	4092	284	146	125	2594
"Nrgn"	6296	8571	439	23	10089	8263	460	51	7320	6359	770	38
"Nrn1"	167	201	32	66	205	224	28	37	260	178	44	192
"Nrsn2"	48	70	279	37	68	79	251	110	34	81	327	48
"Nsg1"	208	501	353	790	418	346	373	1182	251	332	567	1303
"Nsmf"	557	1743	165	82	851	1494	232	196	574	1206	263	158
"Ociad2"	115	391	83	87	182	308	76	72	147	283	127	88
"Osbp2"	112	112	21	105	174	135	23	256	119	72	34	140
"Pcbp4"	292	422	209	746	389	394	226	1224	289	295	300	703
"Pcp4"	177	212	137	673	265	183	165	1450	208	205	291	1110
"Pde10a"	16	44	14	65	19	30	21	82	23	35	30	107
"Pde1a"	286	270	57	4	342	260	82	3	240	307	97	7
"Pdk2"	26	48	25	98	42	37	30	179	22	43	47	106
"Peg3"	300	471	1590	519	474	410	1202	528	433	511	1859	788
"Penk"	58	76	99	134	106	40	76	110	66	44	231	268
"Pet100"	21	50	13	134	34	31	20	411	18	33	31	295
"Pex5l"	125	403	41	45	221	265	63	54	149	194	84	55
"Pfkl"	56	147	33	27	59	139	30	56	43	107	66	51
"Pgbd5"	85	218	29	98	101	197	26	80	91	134	36	176
"Phpt1"	154	224	163	283	263	240	204	771	173	161	213	373
"Phyhip"	245	381	90	336	300	330	90	837	218	313	122	481
"Pla2g7"	48	120	80	232	98	93	77	241	104	120	149	352
"Plcb4"	97	36	125	446	103	39	102	674	74	54	160	551
"Plk2"	107	280	38	24	159	221	31	19	157	222	46	20
"Plppr4"	231	887	119	116	332	566	107	210	312	607	171	168
"Pnck"	135	280	517	101	192	258	598	258	182	298	586	106
"Pnisr"	185	460	155	470	289	346	197	996	249	400	327	726
"Ppm1b"	167	267	153	365	291	205	149	846	203	190	285	506
"Ppm1e"	106	372	52	28	196	312	58	28	136	253	86	31
"Ppp1r1a"	86	215	51	35	127	239	61	45	116	145	94	36
"Ppp1r1b"	48	106	16	213	89	74	23	358	72	64	124	312
"Ppp2r5b"	339	431	271	459	510	418	347	1384	325	348	407	648
"Ppp3ca"	4555	14256	1659	3997	6355	11122	1381	5204	5130	8813	2541	5752
"Ppp3r1"	2826	8179	1433	1183	6080	7258	1445	1628	4235	4896	2310	2070
"Prickle2"	178	557	117	30	307	464	95	52	219	439	184	48
"Prkca"	228	871	111	104	390	722	87	209	291	511	166	176
"Prkcb"	3208	6018	582	1544	5373	4572	641	2665	3984	3699	1058	2472
"Prkce"	753	2012	350	520	983	1748	310	775	771	1454	469	740
"Prkcg"	43	180	10	90	44	196	15	141	44	148	18	135
"Prune2"	15	39	33	160	57	42	41	63	28	38	56	128
"Psd"	291	457	79	84	345	581	100	123	307	355	131	94
"Ptk2b"	157	603	21	2	205	607	17	4	146	362	39	4
"Pvalb"	127	143	23	1032	176	103	34	2674	128	77	79	1897
"Rapgefl1"	57	152	13	23	80	121	19	27	55	92	31	28
"Rasgrf2"	248	278	409	8	395	222	427	17	311	209	535	10
"Rasgrp1"	207	488	33	17	272	349	33	10	209	314	57	33
"Rbfox3"	582	1382	225	1335	1261	1076	251	3919	823	903	460	2336
"Reep2"	69	59	48	111	90	70	58	260	46	60	82	183
"Resp18"	46	25	197	10	52	28	245	24	36	37	209	5
"Rgs4"	466	303	137	13	868	191	140	35	775	240	240	16
"Rgs8"	17	56	23	332	29	48	16	666	24	40	40	403
"Rims3"	87	46	126	170	179	25	111	308	152	40	208	270
"Robo2"	54	90	13	16	72	93	22	21	67	67	39	20
"Rora"	431	302	231	1882	638	224	249	2741	464	304	374	2469
"Rpl29"	1	12	4	1	22	16	10	16	17	12	14	4
"S100b"	599	1174	629	2342	1029	970	863	7045	778	765	1340	4515
"Satb1"	387	278	91	94	624	235	82	176	425	237	118	125
"Scg2"	233	538	1405	203	420	496	1332	297	424	450	1769	367
"Scn1b"	445	597	141	607	590	508	121	1278	415	456	228	894
"Sdhd"	13	17	15	28	26	28	23	4	29	55	37	110
"Sema7a"	140	160	30	196	217	191	28	298	172	143	51	362
"Sh3gl2"	730	1016	306	1363	861	757	365	2659	751	888	578	1785
"Shank2"	75	108	37	209	130	118	33	254	125	126	45	385
"Sipa1l1"	392	694	108	113	537	582	123	111	444	433	179	151
"Slc17a6"	50	64	359	34	91	54	306	48	77	63	443	29
"Slc17a7"	1549	2623	65	784	2384	2594	77	2072	1818	2073	103	1258
"Slc1a1"	70	175	52	23	104	125	29	39	62	113	55	40
"Slc1a3"	529	1156	678	1891	847	1062	787	2560	751	1028	1085	3165
"Slc6a11"	237	427	1279	99	423	326	1242	225	317	328	2015	147
"Snca"	491	1029	197	161	737	986	173	104	605	1138	268	218
"Snph"	231	536	73	77	407	460	76	233	310	435	150	130
"Snrk"	105	190	140	616	170	168	154	1090	118	132	238	1018
"Sorl1"	413	617	125	833	497	431	129	1097	360	407	224	1129
"Sowaha"	38	241	21	60	71	163	25	84	63	162	31	71
"Sparc"	527	1237	4024	2452	742	936	4415	6156	720	1030	6533	3536
"Sphkap"	103	381	77	549	195	287	61	693	116	234	113	827
"Sprn"	51	119	13	13	84	84	11	18	46	84	14	16
"Sst"	86	203	58	2	238	159	70	3	127	186	118	3
"St6galnac5"	74	387	19	9	103	301	22	5	102	282	43	6
"Stmn1"	279	269	250	188	544	189	293	317	986	509	788	376
"Stum"	96	393	35	12	146	370	52	10	108	285	38	11
"Stx1a"	268	93	31	3	315	93	50	3	303	92	64	7
"Stxbp6"	94	234	52	15	153	170	53	22	88	142	97	24
"Syne1"	402	663	182	1259	618	624	250	2032	482	557	286	1491
"Syt16"	42	48	23	5	67	31	27	2	43	32	23	3
"Syt5"	98	145	74	4	121	81	91	5	87	104	106	7
"Tbr1"	259	163	12	0	456	142	18	2	323	135	25	2
"Tiam1"	42	170	34	255	99	116	41	430	87	116	70	431
"Timp2"	1347	1433	3270	392	1363	962	2813	613	1259	1634	3398	288
"Tmeff1"	78	222	68	31	240	143	93	5	119	148	153	60
"Tmem130"	164	244	1071	105	244	200	908	223	225	208	1178	120
"Tmem132a"	293	233	68	393	358	199	83	844	340	197	145	679
"Tmem151b"	154	457	104	356	491	310	130	1222	314	269	177	574
"Tmsb4x"	674	3899	673	609	1858	2372	722	137	1181	2224	1300	1182
"Tppp3"	12	22	85	51	20	15	91	105	14	29	100	59
"Trf"	278	532	259	595	713	638	555	1883	441	630	862	1455
"Unc13c"	34	34	85	391	60	17	95	805	53	44	122	556
"Wasf1"	192	796	69	104	387	546	86	127	298	422	94	167
"Wdr6"	166	316	850	213	274	264	811	451	203	354	1166	249
"Wfs1"	13	170	33	30	41	130	33	19	37	63	54	25
"Wipf3"	97	967	20	44	146	814	26	35	179	541	56	78
"Zbtb18"	857	2157	157	2150	1309	2101	125	5044	1045	1563	230	2610
"Zbtb20"	299	2669	589	897	455	2146	609	1377	424	1770	819	1151
"Zcchc12"	20	50	451	11	24	46	314	7	31	47	389	1
"Zeb2"	211	592	75	123	209	507	69	253	150	440	110	195
"Zfp365"	364	425	69	39	591	297	92	48	459	319	144	61
"Zranb1"	106	224	117	371	213	200	118	517	128	221	170	566
