"brain__DBA.2J"	"colon__DBA.2J"	"heart__DBA.2J"	"kidney__DBA.2J"	"liver__DBA.2J"	"lung__DBA.2J"	"skeletal.muscle__DBA.2J"	"spleen__DBA.2J"	"testis__DBA.2J"	"brain__C57BL.6"	"colon__C57BL.6"	"kidney__C57BL.6"	"liver__C57BL.6"	"lung__C57BL.6"	"skeletal.muscle__C57BL.6"	"spleen__C57BL.6"	"testis__C57BL.6"	"brain__CD1"	"colon__CD1"	"heart__CD1"	"kidney__CD1"	"liver__CD1"	"lung__CD1"	"skeletal.muscle__CD1"	"spleen__CD1"	"testis__CD1"
"ENSMUSG00000007907"	0	0	0	0	0	0	0	0	13.9904780498748	0	0	0	0	0	4.47230702757616	0	13.6766042874256	0	0	0	5.82290118425076	0	0	4.26631697220629	0.455561264753473	13.8968348857085
"ENSMUSG00000004366"	10.8371197445695	8.84118787576201	0	0	0	0	0	0.458671262680057	0.71017205295216	10.8973091010723	9.97403119582736	0	0	0	2.85488855474908	0	0	11.3656719764625	9.76563634628456	0	0	0	0	0	0	0
"ENSMUSG00000008813"	0.733725728375619	0	0	0	1.15241224816722	0	5.16833865389876	0	11.9644661582804	0.570402575211101	0	0	0	0	4.1051448451334	0	12.0417267103652	0	0	0	3.45019110197595	0	0	3.578484864851	0	12.4280121868578
"ENSMUSG00000014351"	0	10.7863884535562	0	0	0	0	0	0	1.18396183347295	0	12.072319200271	1.08742403594832	0.918859698348115	0	0	0.485642932241303	5.83061298618029	1.33866141371265	11.2995394916331	0	2.7986440323331	0	0	0	0.801268266634434	5.41315296964358
"ENSMUSG00000017311"	0	5.25792265129821	0	0	0	0	0	0	3.30800970653661	0	6.19823973293275	0	0	0	0	0	5.09857852014457	0	6.86607724208096	0	0	0	0	0	0	4.78029476003362
"ENSMUSG00000019900"	0	5.97972744868592	0	0	0	0	0	0	6.51273079399186	0	5.24732090326568	0	0	0	0	0	5.55464983495736	0	4.68833395787105	0	0	0	0	0	0	5.53585964232568
"ENSMUSG00000020481"	0.733725728375619	0	0	0.651037389025403	0	0	1.73582359978903	0.458671262680057	13.3731510203772	0	0	0	0	0	2.85488855474908	1.13791605988997	13.7816947045427	0	0	0	5.48191199653012	0	0	3.578484864851	3.13711658909774	13.8561956035633
"ENSMUSG00000020581"	0	11.8838136343235	0	1.09801109946042	1.15241224816722	6.04323933485821	0	1.52174304647493	0	0	12.2034897112638	0.643829802282914	0	4.49442795113007	0	0	0	2.02088649781001	11.5898015300271	0	0	0	4.4228907161364	2.21684194459461	0	0
"ENSMUSG00000020636"	2.80040342141753	0	0	0	0	0	1.11459884045203	0.806159896991477	13.376519771934	3.91295622721373	0	0	0	0	4.38890062853151	0.848333056012853	13.7786465128027	3.11200400614133	0	0	5.71794513333238	0	0	3.578484864851	0	13.8989800170016
"ENSMUSG00000021081"	0	0	0	10.2043311968651	0	0	0	0	4.18364361521102	0	0	11.580774122742	0	0	0	0	5.79427708091764	0	0	0	10.468608938038	0	0	0	0	4.56662597353489
"ENSMUSG00000021216"	0	11.2867621661974	0	0	0	0	0	0	5.21924423792262	0	11.4627951503188	0	0	1.18082904272281	0	0.485642932241303	5.59745467230533	0	10.6227560850766	0	0	0	1.31455528199201	0	0.455561264753473	5.34765012894284
"ENSMUSG00000021612"	0	5.33003682307909	0	13.190115653245	0	0	1.73582359978903	0	2.60596686402397	0.978104635430993	3.35698978920052	13.7079058821853	0	0	1.80479308530922	0	1.64301046227468	0	3.95015120754674	0	13.7071880477291	0	0	4.26631697220629	0	0
"ENSMUSG00000021789"	0	0	0	0	7.33265139914696	15.9333723007241	1.11459884045203	1.32025478249252	1.54002609571282	0	2.4913408644888	0	6.02513216516509	16.2835020138649	0	0	2.88156788655128	0	0	0	0	6.27398035365637	14.5110083998079	0	0	0
"ENSMUSG00000022155"	1.21776181125557	0	0	0	0	0	2.50115672386141	0	14.7885358901244	0	0	0	0	0	4.62591391011845	0	14.6278969257091	1.33866141371265	0	0	6.01235695329829	0	0	3.05267571780628	0	14.5044849498586
"ENSMUSG00000022542"	0	0	0	0	0	0	1.11459884045203	0	12.8347576137914	0	2.02927693321525	0	0	0	2.24509574484849	0	13.0889651811728	0	0	0	5.41633419971485	0	0.802092474667049	0	0	12.905845963135
"ENSMUSG00000022875"	0	0.725747767348539	0	3.6329589911646	15.7097109198672	0	2.16865606298247	0	1.82537731996965	0.570402575211101	0	3.54682743189217	15.9004034739268	0	0	0	0	0	0	0	6.05607364523824	15.7008148395197	0	0	0.801268266634434	0
"ENSMUSG00000022877"	0	0.725747767348539	0	7.78132051228376	15.2273399761422	0	0	0	0	0	1.34539697849003	7.2928239230767	15.3854652346165	0	0	0	0	0	0	0	6.25675121889157	15.0930062364372	0	0	0.455561264753473	0
"ENSMUSG00000023433"	0	7.86470579390514	0	1.09801109946042	0	0	0	0	2.99927690716039	0	17.1106502356574	1.08742403594832	0	0	0	4.79774200849609	4.72672352470381	0	16.595739854232	0	2.31379957031343	0	0.802092474667049	0	7.85077896088307	2.25786011064674
"ENSMUSG00000023577"	1.8685730304032	0	0	0	0	0	1.73582359978903	0	13.4436121146054	0.978104635430993	0	0	0	0	3.75156572821784	0	13.9965751756355	1.33866141371265	0	0	5.19956128430327	0	0	0	0	13.3295217733172
"ENSMUSG00000024029"	0	13.2387259708462	0	1.09801109946042	5.60559060919964	0	0	0	0	0	14.2592060889766	0.643829802282914	5.39123625596107	0	0	0.848333056012853	0.772073875385389	0	13.4070071866218	0	0	6.27398035365637	0	0	0	0
"ENSMUSG00000024207"	0.733725728375619	0	0	0	0	0	2.16865606298247	0.458671262680057	12.9961927382086	1.96703106668949	0	0	0	0	3.45617030889803	0	13.0213119127412	1.33866141371265	0	0	5.41633419971485	0	1.08095937628025	2.21684194459461	0	12.9964525283561
"ENSMUSG00000024225"	0	10.5432455354065	0	0	0	0	0	0	3.70973010751247	0	16.8921110112027	0.643829802282914	0	0	0	3.86860090649149	3.98751918508784	0	16.9997133427576	0	0	0	1.31455528199201	0	8.398369501557	3.62625761583175
"ENSMUSG00000024471"	0	0.725747767348539	10.3995778586675	0	0	0	15.5329650628398	0	3.84358025913339	1.96703106668949	0	0	0	0	15.6650548724829	0	0.772073875385389	0	0	8.70417017583075	0	0	0.802092474667049	15.2892390514558	0	0
"ENSMUSG00000024863"	0.733725728375619	4.22121624387285	0	1.43876699888917	13.781704965403	0	0	0	2.26783397487659	0	8.5406366457003	2.30372229422284	13.4799049521635	0	0	0	2.18225191133037	0	3.74323191953076	0	0	13.5577106912344	0	0	0	2.25786011064674
"ENSMUSG00000025396"	0	11.4634861708255	0	0	14.3837355044377	0	0	0	0.71017205295216	0	11.4171857916576	0	12.2526117279335	0	1.16793285501311	0	0.772073875385389	0	11.1671669608273	0	0	13.6660226915389	0	0	0.455561264753473	1.53177204993539
"ENSMUSG00000026182"	0	0	0	0.651037389025403	0	0	1.11459884045203	0	14.3686656303556	0	0	0	0	0	6.42271867859955	0	14.3482850624898	0	0	0	7.50558776347686	0	0	5.36233726138168	0.455561264753473	14.6829351011734
"ENSMUSG00000026246"	0	5.25792265129821	0	0	0	0	0	0	6.22450162922748	0	5.30469452677762	0	0	0	0	0	7.2522178422338	0	6.94073638009829	0	1.57819191466057	0	0.456085010190152	0	0	7.19611907103854
"ENSMUSG00000026272"	0	3.59858898027144	0	0	13.2653492527981	1.09722271868196	1.11459884045203	0	0.71017205295216	0	5.0600915939338	0	13.8591571869365	2.26339818820938	0	0	1.27228944845496	0	4.43644753674342	0	0	13.1205161673798	1.31455528199201	0	0	1.53177204993539
"ENSMUSG00000026523"	1.57955867523083	0	0	0	0	1.09722271868196	0	0	12.5308210071228	0	0	0	0	0	3.28218276747374	0	12.1629038513695	2.48220197989934	0	0	5.19956128430327	0	0	3.05267571780628	0	12.3626778273465
"ENSMUSG00000027261"	0	0.725747767348539	0	0	13.9786994162706	0	0	0	3.21225644858017	2.13572040846	1.34539697849003	0	13.4723501543365	0	0	0	5.83061298618029	2.02088649781001	0	0	0	13.9307223910369	0.456085010190152	0	1.07994029193935	5.89805446563757
"ENSMUSG00000028240"	0	0	0	0	12.6067632908876	0	0	0	5.117194592086	0	0	0	11.8861713167736	0	0	0	3.62334787217132	0	0	0	0	14.3617968788729	0	0	0	1.53177204993539
"ENSMUSG00000028396"	0.733725728375619	0	10.0968542711929	0	0	1.09722271868196	12.0910707683649	0	1.18396183347295	0	0	0	0	3.10474273651393	12.3715201573397	0	0	0	0	10.3159480390081	0	0	3.25576126408425	10.960882286542	0	0
"ENSMUSG00000028584"	5.34963708742739	0	0	0	0	0	10.8390160040955	0	1.82537731996965	4.97961776659525	0	0	0	1.18082904272281	10.6389174295176	0	2.39131054810061	3.34695584997028	0	0	0	0	0.456085010190152	10.3920371594198	0	1.53177204993539
"ENSMUSG00000028938"	0.733725728375619	0	0	0.651037389025403	0	0	1.11459884045203	0.458671262680057	13.3185122122691	0.570402575211101	0	0.643829802282914	0	0	4.55115386133952	0	13.2751593617665	0	3.21115473505211	0	5.48191199653012	0	0	4.26631697220629	0.801268266634434	13.6823673850313
"ENSMUSG00000029423"	3.36190762192413	0	0	0	0	0	0	0	13.694688655167	1.96703106668949	0	0	0	0	3.08429755768948	0	13.4041414870041	3.34695584997028	0	0	5.6047502369077	0	0	0	0	13.9078838897917
"ENSMUSG00000029630"	0	12.4075523750691	0	0	14.8775484961571	0	1.73582359978903	0	0	0	13.1323185280512	1.08742403594832	14.0394484131126	0	0	0	0	0	11.4614984928707	0	0	14.0626549804801	0	0	0.455561264753473	0
"ENSMUSG00000029707"	0	3.14487697523196	0	0	0	0	0	1.0859864899003	12.5708832711385	0	3.55912557861503	0	0	1.18082904272281	2.58197324855553	1.13791605988997	12.5504946161662	0	0	0	5.34763302311661	0	1.08095937628025	0	1.51428943089898	12.7022656293378
"ENSMUSG00000029754"	5.73799262816967	0	1.72394302425968	0	0	0	0	0	7.2634082817875	6.4877376549683	0	0	0	0	0	0	6.76253321670147	6.67136300521475	0	0	0	0	0	0	0	7.19611907103854
"ENSMUSG00000029882"	0	8.92507407333083	0	0	0	0	0	0	0	0	18.0259443365189	0	0	0	0	5.06250978800835	4.5635933106339	0	18.2767769540408	0	0	0	0	3.05267571780628	9.25519977370429	1.53177204993539
"ENSMUSG00000030046"	0	0	1.72394302425968	0.651037389025403	7.96138640757625	1.09722271868196	0	0	0.71017205295216	0	0	0	7.19151447705473	6.54683462232825	0	0	0	0	0	0	0	6.61397472677314	0	0	0	0
"ENSMUSG00000030945"	0	0	0	17.5371113480232	8.56086236262804	0	0	0	0	0	0	17.0709058249401	7.54108914321672	0	3.28218276747374	0	0	0	1.61599473711853	0	17.7333452366686	8.25992982637919	0	3.578484864851	0	0
"ENSMUSG00000031233"	0	0	0	0	0	0	0	1.32025478249252	14.2765667006827	0	0	0	0	0	5.1154565983301	0.485642932241303	14.2932542755597	0	0	0	6.25675121889157	0	0	3.05267571780628	1.07994029193935	14.3467114972458
"ENSMUSG00000031492"	7.71757537164019	0	0	0	0	0	0	0	5.09051299377289	5.02329802547082	0	0.643829802282914	0	0	0	1.13791605988997	5.24037498995736	6.18726844711298	0	0	0	0	0	0	0	4.56662597353489
"ENSMUSG00000031991"	2.49582207970532	0	0	0	0	0	1.11459884045203	0	12.9981006091752	3.04859683779789	0	0	0	0	4.89135066166137	0	12.7520601070528	3.11200400614133	0	0	5.48191199653012	0	0	4.73016331178124	0	13.1775931562519
"ENSMUSG00000032310"	0	7.27270471289762	0	1.09801109946042	14.9438131048057	0	1.73582359978903	0	1.82537731996965	0	4.28481116597807	0.643829802282914	15.7383194043721	1.18082904272281	0	0.485642932241303	3.24681461106781	0	0	0	0	15.2813497449793	0	0	0.455561264753473	2.73859991379456
"ENSMUSG00000032368"	9.16099065272646	0	0	0	0	0	2.9985723657275	0	1.18396183347295	8.9303755161318	0	0	0	0	5.48030820358738	0	2.57387378694691	7.09903977035553	0	0	0	0	0	3.578484864851	0	2.73859991379456
"ENSMUSG00000032758"	0	0.725747767348539	0	19.1062882881642	0	0	0	0.458671262680057	1.18396183347295	0	0	18.8093015443918	0	0	4.1051448451334	0	0	0	2.35908747507813	0	18.4146176868163	0	0	5.89190406306384	0	0
"ENSMUSG00000033898"	0	7.42316405817702	0	0	12.6331078719359	0	0	0	3.21225644858017	0	2.84076619297648	1.08742403594832	12.8878467385085	0	0	0	0	0	2.84713227596894	0	0	10.9942752927525	0	0	0	0
"ENSMUSG00000034456"	0.733725728375619	0	0	8.90532420086252	13.940159751405	0	0	0	0.71017205295216	0	0	9.48248269423491	14.5205929458585	0	0	0	0	1.33866141371265	0	0	9.71606237430004	14.4275163793261	0.456085010190152	0	0.455561264753473	0
"ENSMUSG00000034623"	0	0	2.48716741787495	0	0	0	4.29613186345335	0	11.1084703964714	0	0	0	0	0	6.44353655168498	0	11.4711512386101	0	0	0	4.07789510491118	0	0.456085010190152	0	0	11.5772510478019
"ENSMUSG00000034701"	8.10565819078255	6.25138055852704	0	0	1.15241224816722	0	0	0	1.18396183347295	7.84784420809139	5.56163260378707	0	0	0	0	0	0	8.44976654556369	5.47150625915148	0	0	0	0	0	0	1.53177204993539
"ENSMUSG00000034913"	0	0	2.48716741787495	0	0	0	0	0	13.7823486179384	0	0	0	0	0	4.55115386133952	0	13.9050948705053	0	0	0	6.21878690212874	0	0	4.73016331178124	0	14.0767328867082
"ENSMUSG00000035811"	0	11.6683316673615	0	0	14.0618242819234	0	0	0	0	0	10.5702608797626	0	13.1138160315918	0	0	0	2.57387378694691	0	10.4071140115615	0	1.57819191466057	13.1861078853024	0	0	0	1.53177204993539
"ENSMUSG00000035923"	0	0	0	0.651037389025403	0	0	11.7080270382172	0	5.14339168068858	0.570402575211101	0	0	0	0	11.3680540437656	0	5.36947359470286	0	1.61599473711853	0	0	0	0.456085010190152	11.1786364773538	0	5.13115065974487
"ENSMUSG00000036500"	0	16.7031757618162	0	0	5.28201081948925	1.09722271868196	0	0.806159896991477	5.40394761786646	0	14.0031986917661	0	0	0	0	0	5.12807468297848	0	15.8051745790881	0	0	0	0	0	0	6.14938304659019
"ENSMUSG00000036938"	0	6.64920086683422	0	0	0	0	0	0	5.03562217565114	0	15.0924695592337	0	0	1.18082904272281	0	3.90759641902932	5.36947359470286	0	15.9636029864195	0	0	0	0	0	6.02763405992597	5.53585964232568
"ENSMUSG00000037086"	0	0	0	0	0	0	3.19494360846324	0	7.23931988120451	6.03335113943203	0	0.643829802282914	0	0	1.80479308530922	0	6.81788176768922	4.48596234300918	0	0	0	0	0	0	0	6.63449453726805
"ENSMUSG00000037145"	0	14.5410733966889	6.46806921694139	0.651037389025403	3.05954828092233	0	0	0	0.71017205295216	0.978104635430993	13.6888882439164	0	0	1.18082904272281	1.16793285501311	0	1.64301046227468	0	14.1828897129687	4.47433361414621	0	0	0	0	0	0
"ENSMUSG00000037335"	0	6.30007157750985	0	0.651037389025403	0	0	0	0	4.65351695321007	0	6.16763990463809	0	0	0	0	0	5.18531725170002	0	7.28440452218113	0	0	0	0	2.21684194459461	0	0
"ENSMUSG00000038048"	7.67140644021437	0	0	0	0	0	0	0	6.86730168046926	8.18964038306204	0	0.643829802282914	0	0	0	0	6.04680761520266	7.33594741964128	0	0	0	0	0	0	0	6.6617012689672
"ENSMUSG00000038246"	0.733725728375619	0.725747767348539	0	0	1.15241224816722	0	0	0	12.0352537034433	0	0	0	2.44707709138889	0	1.80479308530922	0	12.1485828762681	0	2.35908747507813	0	5.48191199653012	1.97741956304552	0	0	0.455561264753473	11.4954993813837
"ENSMUSG00000039198"	0	0	5.40806112835865	0	0	2.14348265648182	0	0	11.1458004713989	0	0	0	0	1.18082904272281	1.80479308530922	0	10.6557030714295	0	0	0	2.7986440323331	0	1.08095937628025	0	0	10.7594966348202
"ENSMUSG00000039335"	0.733725728375619	0	0	0	0	0	1.11459884045203	0	13.2951512580699	0.978104635430993	0	0	0	0	4.1051448451334	0	13.0893166889882	1.33866141371265	0	0	5.48191199653012	0	0	3.578484864851	0	13.465035147677
"ENSMUSG00000039742"	0	0	0	0	0	1.71318939968454	2.50115672386141	0	12.8699937328405	0	1.34539697849003	0	0	2.26339818820938	4.47230702757616	0	13.3298306164921	0	0	0	5.11940669120362	0	0.456085010190152	0	0	13.344552650615
"ENSMUSG00000040452"	9.39491069400614	0.725747767348539	0	0	0	0	0	0	6.66516357118424	8.35688384771711	0	0	0	0	0	0	6.24828101672209	9.30502505803959	0	0	0	0	0.456085010190152	0	0	7.0999405960087
"ENSMUSG00000040866"	2.65613575734467	1.56621736919432	0	0	0	0	2.16865606298247	0.458671262680057	13.0698587764507	2.76961403002492	0	0	0	0	2.24509574484849	0	13.3200795560585	4.15549180825463	0	0	5.2754959977631	0	0.456085010190152	3.05267571780628	0	13.108830534507
"ENSMUSG00000041399"	0	0	0	0	0	0	1.11459884045203	0	13.0501971845018	0	0	0	0	0	3.08429755768948	0	13.2429775922587	0	0	0	5.03453545876462	0	0	2.21684194459461	0	12.927023369578
"ENSMUSG00000041698"	0.733725728375619	0	0	14.6298352504588	15.550023783801	0	1.73582359978903	0	0	0	0	13.7184796487475	13.6931084604047	0	0	0	0	0	0	0	14.1310617771059	14.304926168638	0	0	0	0
"ENSMUSG00000042888"	1.21776181125557	0	0	0	0	0	1.73582359978903	0	14.0177294730053	2.13572040846	0	0	0	0	0	0	14.1053702374522	0	0	0	5.2754959977631	0	0	4.51680202301283	0.455561264753473	14.2649389077336
"ENSMUSG00000043301"	9.19075475591745	0	0	0	0	0	0	0.458671262680057	8.93500999778933	9.26314338502567	0	0	0	0	2.24509574484849	0.848333056012853	9.38453051560751	9.65071405127648	0	0	0	0	0	0	0	8.98839289251021
"ENSMUSG00000043429"	0	0	0	0	0	0	0	0	12.1824707814644	1.96703106668949	0	0.643829802282914	0	0	3.28218276747374	0	12.7446406617813	2.83120067328763	0	0	5.66245756965559	0	0	3.05267571780628	0	12.3142063876859
"ENSMUSG00000044519"	7.03998083021664	0	0	0	0	0	0	0.458671262680057	5.00737319692634	6.47206132528926	0	0	0	0	0	0	6.10729860328314	5.84747387138732	0	0	0	0	0	0	0	5.41315296964358
"ENSMUSG00000044787"	4.67402765257126	0.725747767348539	0	0	0	0	0	0	11.1134486847804	5.14692355091371	0	0.643829802282914	0	0	1.80479308530922	0	11.5822115094674	4.48596234300918	0	0	3.69105657638579	0	0	0	0	11.5958835706183
"ENSMUSG00000045174"	9.42025863382465	0.725747767348539	0	0	0	0	0	0	2.26783397487659	9.29133156195384	0	0	0	0	0	1.58546669554138	5.41804315778865	9.60044609562623	0	0	0	0	0	0	1.84768163429795	2.25786011064674
"ENSMUSG00000045655"	4.18872758996267	0	0	0	0	8.98232345411692	0	0	0	4.81539718331417	0	0	0	8.40645050457059	0	0	0	5.29385366058103	0	0	0	0	7.66723136174557	0	0	0
"ENSMUSG00000046173"	0.733725728375619	0	0	0	0	0	0	0	13.8919147884129	0.570402575211101	0	0	0	0	4.1051448451334	0	13.8585619143852	1.33866141371265	0	0	5.6047502369077	0	0	4.73016331178124	0	13.9826074661685
"ENSMUSG00000046755"	0	0	0	0	0	0	0	0	14.0470798512071	0	0	0	0	0	4.82942820811649	0	14.3955253802061	0	0	0	5.77137739235563	0	0	2.21684194459461	0	14.3950074694784
"ENSMUSG00000046957"	0	0	0	0	0	0	2.16865606298247	0	14.8970190616757	0	0	0	0	0	5.39737661234025	0	15.0800835402681	0	0	0	6.73139451345975	0	0	4.51680202301283	0.455561264753473	15.232593450219
"ENSMUSG00000047720"	0	0	0	0	0	0	1.11459884045203	0	14.5406827768761	0	0	0	0	1.18082904272281	5.43943822879796	0	14.6452140857274	0	0	0	6.46568024334192	0	0.802092474667049	3.578484864851	1.07994029193935	14.6607723732071
"ENSMUSG00000048077"	0.733725728375619	0	0	0	0	0	0	0.806159896991477	13.3705543097072	0	0	0	0	0	4.62591391011845	0	13.7415568402306	0	0	0	6.29374207183772	0	0	3.578484864851	0	13.2322096912668
"ENSMUSG00000048686"	1.8685730304032	0	0	0	0	0	1.11459884045203	0	13.0337694553106	0.978104635430993	0	0.643829802282914	0	0	4.55115386133952	0	13.5761850413115	0	0	0	5.03453545876462	0	0	0	0.455561264753473	13.4967779549484
"ENSMUSG00000050089"	0	0	0	0	0	0	1.73582359978903	0	15.8147752197666	0	0	0	0	0	5.43943822879796	0	15.7312283299939	0	2.35908747507813	0	7.7245896924362	1.97741956304552	0	5.70272567307528	0.455561264753473	15.7474246827936
"ENSMUSG00000050534"	5.03652730238633	0.725747767348539	0	0	0	0	0	0.806159896991477	6.34226850783874	4.91151291331352	0	0	0	0	0	1.13791605988997	7.40461402801993	5.29385366058103	0	0	0	0	0	0	0	6.49018761790301
"ENSMUSG00000050866"	0	12.3770255435581	0	9.94028572874953	1.15241224816722	0	0	0	0.71017205295216	0	12.3431064652158	10.4649191275992	0	0	0	0	2.57387378694691	0	11.6706256908739	0	10.4604982329354	0	0	0	0	0
"ENSMUSG00000051276"	0	0	0	0	0	0	1.11459884045203	0	13.0540862684533	0	0	0	0	0	3.61141521767774	0.485642932241303	13.1624124741262	0	0	0	5.2754959977631	0	0	3.05267571780628	0	13.481351794679
"ENSMUSG00000051618"	0	0	0	0	0	0	0	0	14.0143510633407	0	0	0	0	0	3.87929872879232	0	13.8218040969545	0	0	0	5.54463810442909	0	0	0	0	14.0570165255035
"ENSMUSG00000051732"	0	3.34377819795657	0	0	0	1.71318939968454	0	0	14.6411637471133	0	2.4913408644888	0	0	0	4.1051448451334	0	14.5865385607458	0	1.61599473711853	0	5.92073677049362	0	0.802092474667049	4.51680202301283	0	14.7192002266967
"ENSMUSG00000052075"	0	2.47930896702503	0	0	0	0	0	0	13.420282169653	0	0	0	0	0	3.08429755768948	0	13.7224971294827	0	5.8783919599996	0	5.2754959977631	0	0	2.21684194459461	0	13.1122243658462
"ENSMUSG00000052562"	0	0	0	10.7234816089595	11.7439417696191	0	0	0	1.18396183347295	0	0	11.0725199489726	11.4517831398863	0	0	0	1.64301046227468	2.02088649781001	0	0	10.1204118332294	11.8782140806499	0	0	0	0
"ENSMUSG00000053624"	0	0	0	0	0	0	1.11459884045203	0	13.8431749604454	0	0	0	0	0	4.1051448451334	0	13.6258150453903	0	0	0	5.34763302311661	0	0	4.91599774522527	0	13.9692287432032
"ENSMUSG00000053896"	0	0	0	0	0	0	0	0	11.9568694617922	0.570402575211101	0	0	0	0	3.45617030889803	0	11.4776104143782	0	0	0	5.03453545876462	0	0	0	0	11.9184235650202
"ENSMUSG00000054106"	0	6.22640460715746	0	0	0	0	0	0	0	0	15.8898362424963	0	0	0	0	3.2934608276186	1.27228944845496	0	15.2564770412111	0	0	0	0	0	6.68286312642973	1.53177204993539
"ENSMUSG00000056035"	0	14.7098658748466	0	1.09801109946042	17.8006114423536	0	3.66146220065592	0	0.71017205295216	0	15.1841797264456	1.70038897253615	16.3972422524502	0	0	0	0	0	13.6956664954072	0	0	16.4625746119156	0	0	0	0
"ENSMUSG00000057037"	0	1.85400774417606	0	0	13.3746964167101	0	0	0.458671262680057	0	0	0	1.70038897253615	12.005973326546	0	1.16793285501311	0	7.61714794666989	0	0	0	1.57819191466057	12.6609073233217	0	0	0	0
"ENSMUSG00000057163"	1.57955867523083	7.3147811081545	0	0	0	0	0	1.32025478249252	0	1.29561349715187	17.3044285953956	0	0	1.18082904272281	0	5.02753309428246	5.00628933428722	1.33866141371265	17.4300477866031	0	0	0	0	2.21684194459461	9.1298038193054	2.73859991379456
"ENSMUSG00000057400"	0	5.8871456467577	0	0	15.7459571022471	0	2.50115672386141	0	0.71017205295216	0	4.9202466159012	2.30372229422284	16.1813361625621	0	0	0	0	0	4.99902725414661	0	0	15.2144754547614	0.802092474667049	0	0.455561264753473	0
"ENSMUSG00000057425"	0	0.725747767348539	0	11.6785676476399	6.53471437848038	0	0	0	0.71017205295216	0.570402575211101	1.34539697849003	11.9625968333928	6.44939918848173	0	0	0	0	0	0	0	12.3271772871029	7.29193225967503	0	0	0	1.53177204993539
"ENSMUSG00000058435"	0	11.3310014993578	0	0	2.22297689256677	0	0	2.12713125860532	0	0	10.6975394014999	0	0	0	0	5.55532899205397	0	0	10.0727813330741	0	0	0	0	0	5.43729587762382	1.53177204993539
"ENSMUSG00000058665"	7.15181488464293	0	0	0	0	0	7.12594447774604	1.52174304647493	1.18396183347295	0	0	0.643829802282914	0	0	7.07058027502754	0	0	0	0	0	0	0	0	7.80460586044277	0	0
"ENSMUSG00000059654"	0.733725728375619	16.4679420814708	0	0	4.59897245367657	1.09722271868196	0	0	0	0	16.2350843044326	0.643829802282914	0	0	0	3.35117935095564	1.93768016287878	0	16.6301625068863	0	0	0	0	0	7.07332573049506	0
"ENSMUSG00000060613"	0	6.64920086683422	0	0.651037389025403	15.9194595628625	1.09722271868196	1.73582359978903	0.806159896991477	0.71017205295216	0	4.28481116597807	0	14.771273189104	0	0	0	0	0	4.29182886188813	0	0	15.3319635587962	0	0	1.31339956884801	0
"ENSMUSG00000061292"	0	4.41050968852941	0	0	9.39043380713584	0	0	0	0	0	4.76537657471247	0	9.96361111249944	0	0	0	0	0	6.02285804398218	0	0	9.90500973238361	0	0	0	0
"ENSMUSG00000061923"	0	0	1.72394302425968	0	0	0	2.16865606298247	0	14.8694507469329	0.570402575211101	0	0	0	0	4.55115386133952	0	14.9624293254353	1.33866141371265	0	0	6.70417486102483	0	0	4.91599774522527	0.455561264753473	14.8251791245711
"ENSMUSG00000062154"	0.733725728375619	0	1.72394302425968	0.651037389025403	1.15241224816722	0	1.11459884045203	0.806159896991477	13.5398190754967	0.978104635430993	0	0	0	1.18082904272281	3.99663665544248	0.485642932241303	13.756094119391	0	2.35908747507813	0	5.48191199653012	0	0	4.26631697220629	0	13.7660337487647
"ENSMUSG00000062478"	0	6.32381439205431	1.72394302425968	0.651037389025403	0	0	0	1.32025478249252	0.71017205295216	0	10.4577840475362	0	0	0	0	1.76606859421535	2.73590835730328	0	16.7981982198123	0	0	0	0	2.21684194459461	7.95376152176608	0
"ENSMUSG00000062624"	0.733725728375619	6.22640460715746	0	0	13.7731614570474	0	1.11459884045203	0	1.18396183347295	0	4.76537657471247	0	12.5339989340938	0	0	0	1.64301046227468	0	3.95015120754674	0	0	13.7989437156048	0	0	0	0
"ENSMUSG00000063590"	0	0	0	9.5080494462022	9.41906389515155	0	0	0	0	0	0	10.8163104493444	8.25546373958201	1.18082904272281	0	0	0	0	0	0	9.24014734082141	9.24365840294177	0	0	0	0
"ENSMUSG00000065460"	0	0	5.0551662678195	0	0	0	6.61063918266597	0.806159896991477	0	0	0	0	0	0	6.61850044260101	0.485642932241303	0	0	0	4.94109647056798	0	0	1.08095937628025	7.60276266949403	0.455561264753473	0
"ENSMUSG00000066071"	0	0	0	13.5398785914304	13.8487689518422	0	0	0	0	0	0	11.6078060356643	13.2939939141344	0	0	0	0	0	0	0	13.4406577032809	13.6663487360789	0.456085010190152	0	0.455561264753473	0
"ENSMUSG00000066368"	0	0	0	0	0	0	1.11459884045203	0	14.0355423969277	0.570402575211101	2.4913408644888	0	0	0	3.08429755768948	0	14.1219008764355	0	1.61599473711853	0	5.41633419971485	0	0	2.21684194459461	0	14.1329487230235
"ENSMUSG00000067338"	0.733725728375619	0	3.35240837095739	0	0	0	1.11459884045203	1.0859864899003	14.1111169240891	0.570402575211101	0	0	0	0	3.75156572821784	0	14.2779163262162	1.33866141371265	0	0	5.11940669120362	0	0	3.96301057656236	0.455561264753473	13.9540063824576
"ENSMUSG00000067860"	6.04367142340596	0	0	0	0	0	0	0	6.85149742933934	5.75109487102361	0	0	0	0	1.16793285501311	0	6.6852687204019	4.67053712499448	0	0	0	0	0	0	0	6.14938304659019
"ENSMUSG00000069324"	0	0	1.72394302425968	0	7.38636215457212	0	0	0	3.63784041540034	0.570402575211101	0	0	9.19290171948008	0	0	0	3.53802196591562	0	0	0	0	10.6926391053393	0	0	0	5.20698488359702
"ENSMUSG00000070529"	0	0	0	0	0	5.04018598483378	0	0	8.75981983687728	0	2.02927693321525	0	0	3.47723192978762	0	0	8.61867354147533	0	0	0	1.57819191466057	0	1.84907805711896	0	0	8.47810078183591
"ENSMUSG00000070533"	0.733725728375619	0	0	0	0	2.97021802317829	0	0	6.52274452003529	0	0	0	0	5.85843257330075	0	0	6.67531308536101	0	0	0	0	0	2.87200920129577	0	0	6.18732223268331
"ENSMUSG00000070777"	0	10.4060914742728	0	1.71421813913387	0	0	0	0	7.13873079380221	0	10.9876181743634	2.45937164636695	0	0	0	0	6.86243686402447	0	9.16256343626234	0	0	0	0	0	0.455561264753473	6.90879712193529
"ENSMUSG00000070999"	1.57955867523083	0	0	0.651037389025403	0	2.14348265648182	1.73582359978903	1.32025478249252	12.0966672520094	1.77597314051862	0	0.643829802282914	0	0	3.75156572821784	0.485642932241303	12.1887224612567	0	0	0	5.82290118425076	0	0	0	0.455561264753473	12.4617806852356
"ENSMUSG00000072664"	0	0	0	12.1473866836738	11.2659678661846	0	1.11459884045203	0	0.71017205295216	0	0	12.1826120311425	11.052730340618	0	0	0	0	0	0	0	11.5217043893127	10.4536506034143	0	0	0	2.25786011064674
"ENSMUSG00000073420"	0	12.0153938739454	0	0	1.7847992287903	0	0	0	4.79243720599707	0	11.4698666253828	0	0	0	0	1.58546669554138	2.73590835730328	0	9.90267795212692	0	0	0	0	0	2.34609971360946	5.13115065974487
"ENSMUSG00000073730"	0	0	0	0	0	0	3.66146220065592	0	13.6586729606875	0	0	0	0	0	3.28218276747374	0	13.7406620259698	1.33866141371265	0	0	5.19956128430327	0	0.456085010190152	4.51680202301283	0	13.7887705699934
"ENSMUSG00000074183"	0	6.98323824154343	0	1.43876699888917	5.23594055030174	0	0	0	1.82537731996965	0	9.19618506442767	0	1.47572861961479	0	0	0	0	0	7.3769354079182	0	0	3.67259783591663	0.456085010190152	0	0	3.38640242530594
"ENSMUSG00000074254"	0	0	0	11.9776374452991	2.55861300054871	2.47448736706294	0	0	0	0	0	12.6988890566198	2.8548619092348	2.26339818820938	1.16793285501311	0	0	0	0	0	11.6950356020805	5.67083974811232	1.99077808155834	0	0	0
"ENSMUSG00000074764"	1.57955867523083	0	0	0	0	0	6.32631546104254	0.458671262680057	11.0671582600541	0	0	0	0	0	3.75156572821784	0	10.8052728643705	0	0	0	3.16089047391628	0	0	2.21684194459461	0	10.8539307417603
"ENSMUSG00000074882"	0.733725728375619	9.15091903043411	0	0	10.8195031050087	0	0	0	0.71017205295216	0	10.8594620130739	2.7278582191395	12.2724855934817	0	0	0	0	0	8.4427711418802	0	0	10.2529263590403	0	0	0	0
"ENSMUSG00000074919"	0	5.30639703399495	0	7.23283145656073	0	0	0	0	1.54002609571282	0	3.55912557861503	6.73801964650667	1.47572861961479	0	0	0	0.772073875385389	0	4.56788102287729	0	7.00113852015811	0	0	0	0	0
"ENSMUSG00000075524"	0	0	0	0	1.15241224816722	0	1.11459884045203	0	13.1547106456835	0	0	0	0	0	4.9507243401892	0	13.6503218277283	0	0	0	5.19956128430327	0	0.802092474667049	3.05267571780628	1.07994029193935	14.0238181215401
"ENSMUSG00000076501"	0	6.18811075754748	0	0.651037389025403	0	1.09722271868196	0	6.03067570333496	0	0	3.35698978920052	0	0	0	0	0.848333056012853	0	0	5.77336203272649	0	0	0	1.69192927464166	0	5.6226699392753	0
"ENSMUSG00000076512"	0	1.20634012364429	0	0	0	1.09722271868196	0	4.09540521399478	0	0	7.04423115435691	1.42621872969384	0	0	0	5.83363297662281	0	0	6.5849703449802	0	0	0	0.802092474667049	0	5.38697581424231	0
"ENSMUSG00000076655"	0	3.03409830803647	0	0	0	0	0	4.61937528821354	0	0	8.60485810932673	0	1.47572861961479	0	0	8.89860009720852	0	0	7.75344267333491	0	0	0	1.51554624478955	0	7.76472129548176	0
"ENSMUSG00000078639"	0	0	0	1.09801109946042	0	5.91289101830975	0	0	8.45450315404562	1.77597314051862	0	0.643829802282914	0	6.11731663703785	0	0	8.17160459512925	0	0	0	0	0	4.77604093480137	0	0	8.10462033119222
"ENSMUSG00000079278"	0	1.20634012364429	0	0	0	4.26534618804594	13.6809424556254	0	0.71017205295216	0	0	0.643829802282914	0	2.60128781235012	13.2547577163749	0.485642932241303	0	0	0	0	1.57819191466057	0	5.12246917428303	12.9570330879362	1.07994029193935	1.53177204993539
"ENSMUSG00000079330"	5.68320602333118	0	0	0	0	0	0	0	9.77814764021856	4.97961776659525	0	0	0	0	2.24509574484849	0	10.1749303361428	4.98109042125122	0	0	2.31379957031343	0	0.456085010190152	0	0.801268266634434	10.1968145199564
"ENSMUSG00000079440"	0	16.7237659133612	1.72394302425968	0	5.13913674713332	0	0	0	6.18721172456872	0.570402575211101	16.0971502508398	0	0	0	0	0	6.58247870284843	0	16.1766905149852	0	0	0	0	0	1.07994029193935	6.63449453726805
"ENSMUSG00000079722"	0	2.63924620197299	0	0	0	0	0	0	5.87960599554793	0	6.10442151500863	0	0	0	0	0	6.28802245716244	0	2.84713227596894	0	0	0	0	0	0	5.64894281826028
"ENSMUSG00000083558"	0	0	0	0	0	0	0	0	0	3.71407479040202	0	0	6.75320930635132	1.18082904272281	6.40159600310823	5.04512743540525	8.9818709394092	0	1.61599473711853	0	0	0	0	0	0	0
"ENSMUSG00000084174"	0	8.60000388587287	0	6.36723932614181	1.15241224816722	0	0	0	0.71017205295216	0	15.6388755219655	3.91282090294073	0	0	0	3.23333655220537	1.27228944845496	0	16.3284301877604	0	4.74509753730941	0	0	0	7.55853305840513	0
"ENSMUSG00000084923"	0	0.725747767348539	0	4.99077493741972	7.55532872753091	1.09722271868196	0	0	0	0	0	4.94537291555382	7.08197521230647	0	0	0.485642932241303	0	0	0	0	7.37359755955146	6.85271506316512	0	0	0	0
"ENSMUSG00000084981"	0	0	0	7.94384914956353	6.85733585561885	0	0	0	0	0	0	7.32354492111042	4.30034542914394	0	1.16793285501311	0	0	0	0	0	4.07789510491118	5.05817327772977	0	0	0	0
"ENSMUSG00000085322"	0	0	6.35082087899592	0	1.15241224816722	0	6.42744521930934	0	0.71017205295216	0	0	0	0	0	5.39737661234025	0	0	0	0	6.42481608253797	0	0	0	6.92372745600045	0	0
"ENSMUSG00000085683"	0.733725728375619	10.7826453994103	0	4.26674920620392	0	0	0	0	1.18396183347295	0	10.1369024149073	6.08606400420382	0	0	0	0	0	0	9.57567047230145	0	5.6047502369077	0	0	0	0	0
"ENSMUSG00000086171"	7.22396189506497	0.725747767348539	0	3.93143943466415	0	0	1.11459884045203	0	0	6.27835995446591	0	0	0	0	0	0	0	6.41115672316073	0	0	5.11940669120362	0	0	0	1.69059462477	1.53177204993539
"ENSMUSG00000086332"	0	0	0	0	6.11852050104503	0	1.11459884045203	0	6.78649004257587	0	0	0	5.69391512073773	0	0	0	6.51709499464551	0	0	0	0	6.03635793389929	0	0	0	5.98678530854859
"ENSMUSG00000087410"	2.31544107114805	0	0	0.651037389025403	0	0	12.8862872066049	0	5.64304630143461	1.55569420907749	0	0	0	0	12.5504019536836	0	5.7757600789889	2.48220197989934	0	0	0	0	0	12.4601142604594	0	6.14938304659019
"ENSMUSG00000090457"	0	0	0	0	0	0	1.11459884045203	0	14.430932365163	0	0	0	0	0	4.55115386133952	0	14.3101911224642	0	0	0	6.93242962833601	0	0	5.22833659808853	0	14.8077782785734
"ENSMUSG00000092250"	0	6.05258452183523	0	0	0	0	0	5.08475504197994	1.18396183347295	0	6.25755854300675	0	0	0	0	4.66748305286391	0	0	6.34950542122483	0	0	0	0	0	4.79362365715617	0
"ENSMUSG00000092518"	0.733725728375619	0	0	0	0	1.09722271868196	0	0.458671262680057	13.7898183293455	1.29561349715187	0	0.643829802282914	0.918859698348115	0	2.85488855474908	0	13.7688780519708	0	0	0	5.03453545876462	0	1.69192927464166	4.51680202301283	0.455561264753473	13.4760930464261
"ENSMUSG00000092618"	0	11.872035504277	0	0	1.7847992287903	1.09722271868196	0	3.14727181483385	1.82537731996965	0	11.9365517064146	0	0	1.82135932615663	0	5.90281716281481	1.27228944845496	0	6.23550180473024	0	1.57819191466057	0	0.456085010190152	0	1.51428943089898	0
"ENSMUSG00000093528"	4.78225763277673	0.725747767348539	0	0	0	0	0	0.458671262680057	6.13594346442252	4.68548225033146	0	0	0	0	0	0	6.22116519911929	5.92213723562139	0	0	0	0	0	0	0.455561264753473	6.02918477116935
"ENSMUSG00000093535"	0	0.725747767348539	0	6.88851395970583	0	0	0	0.458671262680057	8.51845467209148	0	0	6.62746132604919	0.918859698348115	0	0	0	7.75587403108985	0	0	0	4.07789510491118	0	0	0	0	7.38753381780384
"ENSMUSG00000094002"	9.49903174790491	0	0	0	0	0	0	0	5.76616933336382	9.85904731862587	0	0	0	0	1.80479308530922	0	7.02805286510868	9.05425268178041	0	0	0	0	0	0	0	5.98678530854859
"ENSMUSG00000094194"	0	6.20098864317535	0	2.31964062916312	1.15241224816722	1.71318939968454	0	6.2451743249568	1.54002609571282	0	8.49206646917142	0.643829802282914	0	2.26339818820938	0	8.75764433360425	1.64301046227468	0	0	0	0	0	0	0	0	0
"ENSMUSG00000096014"	8.6102928573739	0	0	0	0	1.09722271868196	0	0	6.45114339038331	7.62497700752861	0	0	0	1.18082904272281	1.16793285501311	0	7.0202084020583	7.71764671865521	0	0	0	0	0	0	0	5.98678530854859
"ENSMUSG00000096498"	0	5.6635033391493	0	2.31964062916312	0	2.47448736706294	0	5.72858166408441	0	0	5.18757078923501	0	0	3.30297570514175	0	6.45689664999322	0	0	0	0	0	0	0.456085010190152	0	0.455561264753473	0
"ENSMUSG00000096670"	0	5.5063834479799	0	1.09801109946042	1.7847992287903	1.71318939968454	0	6.13424086051821	0	0	5.0600915939338	0	0	0	0	7.18066010218752	0	0	1.61599473711853	0	0	0	0	0	4.58626059469987	0
"ENSMUSG00000096852"	0	0	0	3.49381956465101	5.41200193720428	0	0	0	0	0	0	11.0478174714469	5.98512297959731	0	0	0	0	0	2.84713227596894	0	7.04519132145289	7.34503670595282	0	0	0	0
"ENSMUSG00000097452"	8.28806399617647	0	0	0	0	0	0	0	3.63784041540034	7.78579153219424	0	0	0	0	1.16793285501311	0	5.0684666936412	7.5974927827037	0	0	0	0	0	0	0	1.53177204993539
"ENSMUSG00000097638"	4.97703666994815	0.725747767348539	0	0	0	0	0	0	8.9591771706148	4.60151931974695	0	0	0	0	1.80479308530922	0	9.2417337446852	5.04930291559808	0	0	1.57819191466057	0	0	0	0	9.46066816915933
"ENSMUSG00000098051"	7.17846947510057	0	0	0	0	0	0	0	5.14339168068858	8.01403169908909	0	0	0	0	0	0	5.18531725170002	8.19510443790646	0	0	0	0	0.456085010190152	0	0	4.44661915590135
"ENSMUSG00000098087"	5.03652730238633	0	0	5.69366611984707	0	0	0	0	0.71017205295216	4.76482623484305	0	6.13306995698903	0	0	0	0	0	4.67053712499448	0	0	6.29374207183772	0	0	0	0	1.53177204993539
"ENSMUSG00000101012"	1.21776181125557	0	0	0	0	0	0	0	13.2882887074434	1.77597314051862	0	0	0	0	3.75156572821784	0	13.3859433656489	3.34695584997028	0	0	5.34763302311661	0	0	2.21684194459461	0	13.777738412581
"ENSMUSG00000101031"	0	11.0173358086256	0	0	0	0	0	0	4.28125143750391	0	10.4111973509474	0	0	0	0	0	5.21310875174845	0	8.90107154331118	0	0	0	0	0	0	4.01178737012858
"ENSMUSG00000101514"	0	0.725747767348539	0	4.34979664252955	9.68860458182591	0	0	0	0	0	0	5.04705282939513	8.26384853156856	0	0	0	0	0	0	0	2.7986440323331	8.37929417673855	0	0	0	0
"ENSMUSG00000102865"	3.89931955972672	0	0	0	0	0	0	0	7.13220488661425	5.31451636061744	0	0.643829802282914	0	0	0	0	7.17659946781479	5.04930291559808	0	0	0	0	0	0	0	6.52022688526333
"ENSMUSG00000103297"	0	8.65251213937489	0	3.75985170997567	0	1.71318939968454	0	5.13171589039944	0	0	1.34539697849003	0	0	0	0	1.58546669554138	0	0	10.4798540723241	0	1.57819191466057	0	3.98846336181719	0	8.29300364642399	0
"ENSMUSG00000103831"	5.82491939998056	0	0	0	0	0	0	0	5.33742391990979	6.54130103940592	0	0	0	0	1.16793285501311	0	3.78020632579045	6.55886596108444	0	0	0	0	0	0	0	4.01178737012858
"ENSMUSG00000104465"	0	0	6.08317135812895	0	0	0	5.99839381206983	0	0.71017205295216	0	0	0	0	0	6.46405829404055	0	3.01386039420109	0	0	5.44151148335559	0	0	1.51554624478955	5.59793968252616	0	0
"ENSMUSG00000105315"	0	6.00931324254082	0	0	9.18754461138448	0	0	0	0	0	5.46427714897336	0	7.07246015158957	0	0	0	0	0	5.33053495365098	0	0	7.31872881052539	0	0	0	0
"ENSMUSG00000105700"	7.08294086219923	0	0	0	0	4.34838932172292	0	0.806159896991477	0	6.76362679926511	0	0	0	5.8265761273969	0	0	0	8.13359063156901	0	0	0	0	4.0218686794474	0	0	0
"ENSMUSG00000106855"	6.27121505057671	0	5.87244723084357	0	0	1.09722271868196	0	0	0	5.81462521768902	0	0.643829802282914	0	0	1.16793285501311	0	0	5.84747387138732	0	5.44151148335559	0	0	0.456085010190152	0	0	0
"ENSMUSG00000107042"	4.85014817906661	0	0	0	0	0	0	0	9.37025841531601	3.65975437144629	0	0	0	1.18082904272281	1.80479308530922	0	9.49052744455833	5.64193018323925	0	0	0	0	0.802092474667049	0	0	10.3257264199837
"ENSMUSG00000107053"	0	0	1.72394302425968	0	0	4.17722947184987	0	0	7.87680981360946	0	0	0	0	5.54270769013833	2.24509574484849	0	8.5951044033991	0	0	0	0	0	4.56563746511214	0	0	7.89133389347692
"ENSMUSG00000108884"	0	0.725747767348539	0	9.54155645636705	9.39306014756053	1.71318939968454	0	0	0	0	0	9.67643486932104	7.25177079386008	1.18082904272281	0	0	0	0	0	0	4.07789510491118	8.11457955282838	1.08095937628025	0	0	0
"ENSMUSG00000109643"	0	0	0	0	0	0	0	0	6.7443208103182	0	0	0	0	0	5.16643693786159	0	5.75700231770188	0	0	0	0	0	0.456085010190152	0	0	5.20698488359702
"ENSMUSG00000110369"	0	0	0	1.94541468072216	5.45285366260999	0	0	0.458671262680057	6.76976996703027	0	0	0	2.66532958895092	0	0	0	5.12807468297848	0	0	0	0	5.49403846919454	0	0	0	0
"ENSMUSG00000111282"	0	10.0347623755549	0	0	3.72558035050265	0	0	0	0	0	9.18858489349147	0	2.66532958895092	0	0	0	0	0	9.45774565445231	0	0	5.49403846919454	0	0	0	0
"ENSMUSG00000112164"	1.21776181125557	0	0	0	0	7.7947299692476	0	0	8.184952881702	0	0	0	0	7.4891004811351	1.16793285501311	0	6.90565707725285	0	0	0	0	0	7.46045139445709	0	0	8.05418143599664
"ENSMUSG00000112182"	0	0	7.686506393464	0	0	1.09722271868196	6.69419232067447	0	0	0	0	0	0	0	6.93013219305204	0	0	0	0	5.81234153751202	0	0	0	7.3357911506932	0	0
"ENSMUSG00000112213"	0.733725728375619	0	0	0	1.15241224816722	0	4.67085766748375	0	5.31454978022726	0.978104635430993	0	0	0	0	5.1154565983301	0	5.71873888978401	0	0	0	0	1.97741956304552	0	0	0	5.41315296964358
"ENSMUSG00000112615"	1.21776181125557	0	0	0	7.02925817542424	0	0	0	9.2290861828084	0	1.34539697849003	0	6.38935503279332	0	0	0	8.61867354147533	0	0	0	0	6.27398035365637	0	0	0	8.24614787857063
"ENSMUSG00000112707"	0	0	8.71498452431495	0	1.15241224816722	0	5.42467102472098	0	0	0	0	0	0	2.87486596686866	6.26792168300748	0	0	0	0	8.11358321546297	0	0	1.84907805711896	6.7874117398452	0	0
"ENSMUSG00000112773"	0	5.42090290759536	0	7.22735119921839	0	0	0	0	1.82537731996965	0	5.359873494773	7.52201816789177	0	0	0	0	0	0	5.17428210920902	0	7.53678119243774	1.97741956304552	0	0	0	0
"ENSMUSG00000113178"	2.10924023470186	1.56621736919432	6.50512600541091	0	0	0	15.37786516765	0	1.54002609571282	0	0	0.643829802282914	0	1.18082904272281	12.8881488714893	0.848333056012853	0.772073875385389	2.02088649781001	0	3.24661614630017	0	0	0	14.2571061838584	0.455561264753473	2.25786011064674
"ENSMUSG00000113960"	5.58700156718483	0	0	0	0	0	0	0	7.05150084195455	5.72487813552624	0	0	0	0	0	0	6.98839693025325	6.12541233429894	0	0	0	0	0	0	0	7.94768369523217
"ENSMUSG00000114441"	0	0	0	5.35476192644644	0	0	0	0	7.46381682553184	0	1.34539697849003	5.29454931666809	0	0	0	0	7.56418214933087	0	0	0	5.03453545876462	0	0	0	0	7.78400197173137
"ENSMUSG00000114613"	0	4.92690513761194	0	6.68766473198809	0	0	0	0	0	0	5.18757078923501	6.49877671727405	0	0	0	0	0	0	4.68833395787105	0	6.43289294361791	0	0	0	0	0
"ENSMUSG00000114892"	0	0	4.27999431413433	0	1.7847992287903	1.09722271868196	0	0	7.65803828350162	0	0	0	0	0	0	1.13791605988997	7.16952440121076	0	0	5.69900219516269	0	0	0.456085010190152	0	0	7.37114472600226
"ENSMUSG00000116295"	0.733725728375619	0	0	0	0	1.09722271868196	5.02078634923053	0	7.08567781146147	0.570402575211101	0	0	1.47572861961479	0	4.82942820811649	0	6.7812196663452	0	0	0	0	0	0	0	0	6.76567051001352
