"cerebellum__ALS"	"frontal cortex__ALS"	"cerebellum__normal"	"frontal cortex__normal"
"ENSG00000004848"	0.434125878979081	7.64944652647181	0.358875872018524	7.79714531198237
"ENSG00000005001"	6.73694063105628	0.244696207609195	6.26017060962606	0.622513898616443
"ENSG00000005059"	3.18050942447422	5.50488500857842	2.16304505527684	5.02249484750968
"ENSG00000006016"	5.30001572794375	9.11776209990673	5.38785400303748	9.40889981965937
"ENSG00000006047"	1.13417241082251	5.26296286817748	0.537753414584851	5.35883095075853
"ENSG00000006116"	5.37402870317215	10.4792615671608	5.5936689910707	10.6223960899837
"ENSG00000006377"	0.455439537277232	5.26684433414544	0.168797634600809	4.97889587017385
"ENSG00000007171"	3.88767042254684	7.01125016995461	4.46113109231039	7.03676777481923
"ENSG00000007516"	4.15031735927304	10.85373774043	4.18471134719539	10.9437425992252
"ENSG00000008118"	5.38412669254262	10.4266635441941	5.3923115005764	10.4787602434196
"ENSG00000008196"	7.38648737888298	0.460598590325168	7.64777952732348	0.121287505366432
"ENSG00000009709"	0.298392133014755	6.67803369195203	0.207328762203535	6.6303143689099
"ENSG00000012779"	8.25615132090295	4.39006697359154	8.78241860906066	3.88508626517257
"ENSG00000019102"	1.55145054428299	5.59806295954339	1.43984109690574	5.41198324261428
"ENSG00000019549"	5.50228178720603	3.27552098650641	6.2281995698764	3.3411565275213
"ENSG00000026036"	5.04008004663986	2.91456031635031	5.64882582720974	2.82795953308738
"ENSG00000038295"	8.38054718842955	4.48047472899558	8.47801625408933	4.3579520096244
"ENSG00000041353"	5.07131950643045	9.05732700507407	4.68004334204337	8.81257287825456
"ENSG00000041982"	1.68520922712234	5.37473035599695	2.03438722575281	4.31056048149388
"ENSG00000043355"	11.9140981686199	7.17336074881561	12.3036047604606	7.28560781826363
"ENSG00000043591"	4.56055779814011	8.08040840302969	4.89584673861628	8.29119818678402
"ENSG00000047936"	0.104163465309746	5.38428038164087	0.832043171915092	5.34332291055556
"ENSG00000050628"	1.00395862551072	6.04657244559803	1.31520860342658	5.45730602784444
"ENSG00000054277"	3.79660132961379	6.84149387402958	2.9888902309394	6.68575510614035
"ENSG00000054803"	2.88981241475031	9.21964848079542	2.87230696287932	9.30347782160868
"ENSG00000058085"	7.6116138440904	2.72036911249132	7.29783761944926	2.76605738773651
"ENSG00000060140"	1.61145772779351	7.20558210019837	1.21480130489804	6.8930512023599
"ENSG00000061337"	5.59428082181266	10.5667243842667	5.21644869800138	10.6691006674252
"ENSG00000062096"	1.75741116353959	4.72825410257516	2.45708559826126	5.10014741945978
"ENSG00000062282"	4.3201955218614	7.42062582573154	4.24868638697237	7.24734513964696
"ENSG00000065325"	2.18879271229876	6.29202309822107	2.09559712909306	6.21242828113564
"ENSG00000066248"	6.54360698900537	12.1394644436041	5.93264758382845	12.3096458818808
"ENSG00000070729"	1.00880276622447	6.57987164801809	1.27472082012116	6.23771421727275
"ENSG00000070882"	4.27975588336208	8.2407780965154	3.90981271218871	8.0621628728386
"ENSG00000073756"	4.27002686616309	6.77842487069522	3.66394784093866	6.53087319470171
"ENSG00000073792"	6.39473593705317	2.36226277549616	6.50778752222682	2.37924610409835
"ENSG00000074370"	11.1605909909532	5.01594374616365	10.7080401763849	4.57121512579129
"ENSG00000075213"	3.24858507292856	7.20401566956193	3.09951955247338	7.32954613942619
"ENSG00000075891"	5.69325009333756	2.35727318644292	5.86330980868992	2.89690972446823
"ENSG00000078900"	7.17705340244352	2.57989061077265	7.22666283499271	2.67033638330961
"ENSG00000079689"	9.50713981900733	3.64734220170923	9.75308422677192	3.96439123746734
"ENSG00000079931"	2.46796943922528	8.49789023403072	2.474135730345	8.74591051302964
"ENSG00000080644"	8.67811259096986	2.08900840430413	8.29915609741242	1.19667280116995
"ENSG00000081277"	3.05627175088967	5.35908059471115	2.58241696011871	5.37909468066643
"ENSG00000081985"	1.15771647943086	5.78610434747937	1.57254121228859	5.62664640359102
"ENSG00000082482"	3.97588708608614	6.89786521299018	3.28388797363759	6.8134881108297
"ENSG00000082684"	3.91414163830129	7.05418014054031	3.77242666338269	7.12111305720132
"ENSG00000085514"	7.29658155895794	3.8404150427234	7.72289116455462	4.14057608110512
"ENSG00000085741"	6.09177851388645	3.23160018704688	5.44061700987856	3.14405566736466
"ENSG00000086506"	2.11276409064001	4.57616017165926	2.91888961097655	5.00040086763878
"ENSG00000086570"	13.1223996364836	3.66440108752646	13.1041088279022	3.26821790041189
"ENSG00000086717"	1.44829303042748	6.0366475776091	1.71897647513952	6.30009981447984
"ENSG00000088992"	4.8850100110046	8.30385769933476	4.975758665865	8.68765668849465
"ENSG00000089116"	6.21263724203522	0.278288016435874	6.46315794517816	0
"ENSG00000089558"	1.38887978969098	6.06860852976532	1.20387024419746	5.98783630039607
"ENSG00000091137"	1.20161249229986	6.1826755581538	1.32258324317898	5.88089516422268
"ENSG00000091664"	2.62673759694039	8.26191261564858	2.39668918825063	8.2736050367441
"ENSG00000092054"	2.92615486497092	6.39644623392027	2.50732192569025	6.17453155594629
"ENSG00000092295"	5.14891463041673	2.03339825445176	5.656918391586	1.72088488467571
"ENSG00000094796"	8.24016592213827	4.16055977488891	8.70499687687094	4.37696716209598
"ENSG00000095059"	5.5078671752126	3.59197976810632	6.0804747822652	3.2963606623671
"ENSG00000095587"	4.12988639080815	7.02946979459783	3.99750168606147	7.00793184096774
"ENSG00000095932"	1.08675415025076	6.0787870651265	1.54913834782338	6.31575575987055
"ENSG00000097096"	2.01781250602479	5.19700377252408	1.96821032595279	4.92135617719247
"ENSG00000099308"	6.61272682720961	11.8072582349228	6.40922270430682	11.7894459279206
"ENSG00000100197"	5.18382676089663	3.24588710652579	4.56960258928457	1.68683097645156
"ENSG00000100276"	4.15069818925296	8.16086759139787	4.63109725057713	8.46616304722016
"ENSG00000100341"	2.67594969510596	5.58835543488462	2.29476739891464	5.44962990317651
"ENSG00000100604"	5.81621255523862	12.6634001221962	6.06100577677431	12.9638658340915
"ENSG00000100628"	3.20485585287725	7.35458391135555	2.7201840797136	7.42247884426328
"ENSG00000100987"	8.50177636004782	4.88416002591713	8.51557925805286	4.75268976485066
"ENSG00000101188"	0.744345425434702	5.31886861843505	0.419532250051247	5.40445607554228
"ENSG00000101222"	2.9107815602137	6.78685078659375	3.20268295815734	6.93343860818444
"ENSG00000101327"	1.99464328480612	5.89038787439796	2.59162678535697	5.99386009257391
"ENSG00000101670"	7.53683896392699	2.64910436453973	7.65937351341796	2.91032937464118
"ENSG00000102290"	2.18637995559418	5.98112241368083	2.61421637928403	5.90517850121295
"ENSG00000102385"	5.02654901520812	9.3281971195076	4.68520597311959	9.02378169514818
"ENSG00000102468"	4.16844004618843	9.72384527067716	4.21455719551935	9.7547804317719
"ENSG00000102554"	3.64295823699484	5.71594120731444	3.17530753054808	5.71887279798704
"ENSG00000102837"	1.94734249445611	5.15579553811324	0.808920711613267	4.99038354551782
"ENSG00000102886"	5.63182782122504	3.17014578199355	5.71140003500289	2.87051271192579
"ENSG00000102924"	12.8957973582143	6.65119620499551	13.2256260315331	6.5469560714616
"ENSG00000103154"	5.31424468999811	9.59631240496153	5.35981925919515	9.80434678229203
"ENSG00000103310"	8.32754819057006	0.3291589975913	8.75539260303717	0.161785947551868
"ENSG00000103569"	0.682473477626508	5.5259473394404	1.07545491377949	5.11522181420365
"ENSG00000104313"	2.01479991922027	5.49917321280264	2.15872513551726	5.77071307244024
"ENSG00000105219"	6.35840636282865	3.2290357057638	6.60507626229269	3.35115751303389
"ENSG00000105376"	1.11431602025312	9.99589591676476	1.02536862457445	9.98124629422435
"ENSG00000105641"	5.42385917843142	1.560846207263	5.72263626278704	1.72936349131927
"ENSG00000105664"	5.11851345851086	0.235349275476794	5.00700725371351	0.139309315150777
"ENSG00000105675"	6.41441077777881	2.63522463829214	6.83041152442015	3.15913140630376
"ENSG00000105880"	0.37490519277875	5.23552954090846	0.399827872589288	5.31030761097137
"ENSG00000105976"	3.72023676292642	7.53506873275268	3.4437589779636	7.67048298652602
"ENSG00000106113"	2.03102434790046	5.9438737747528	1.30543356643874	5.94431160369303
"ENSG00000106236"	5.48431263575567	8.83255663470265	5.58011683468326	9.75145237950206
"ENSG00000106341"	10.1851905626148	4.07496956160141	9.28514418906516	3.64786573187779
"ENSG00000106536"	2.3834799789018	6.95206267276441	2.5731133880282	6.99757756784318
"ENSG00000106648"	0.0899437857278029	5.4900952266353	0	5.70226601884026
"ENSG00000106689"	1.24805646684927	9.24817731403846	1.89352228238609	9.43861747585419
"ENSG00000106823"	7.00148554611038	4.13731979117456	5.99842013596032	3.64363419172401
"ENSG00000106852"	3.60762365942806	8.16421014786028	3.46979278942721	7.99155569269892
"ENSG00000107159"	6.99309660218539	1.73840281003456	7.97306441037642	2.07687419486192
"ENSG00000107165"	1.01365851333953	5.06772752659961	0.559044243543924	4.91339047622286
"ENSG00000107593"	0.30819474329319	5.13709954991625	0	4.94559677559194
"ENSG00000107821"	3.0068765124695	5.18283988650339	3.10578607482974	5.67048349684443
"ENSG00000108001"	5.52665277097629	2.00195860536368	5.04665706427224	1.5257376462088
"ENSG00000108018"	4.78436601354379	8.85228706865321	4.97045519116711	8.64196454637996
"ENSG00000108823"	5.70363728011915	2.71525730696987	6.56608356802851	2.96369461141295
"ENSG00000109072"	5.17820156250267	3.14779518832881	5.66960445172927	3.19547719244191
"ENSG00000109943"	11.548079448551	3.31286316666723	11.5650607796202	2.57332236014704
"ENSG00000110628"	3.31249117204851	6.2948161535314	2.93384065941204	6.68902425943221
"ENSG00000110723"	10.6231279019657	5.40924171322178	10.6412272120461	5.25349315123703
"ENSG00000110887"	10.6530064430042	2.19381150431455	10.2487459475465	1.8372043006402
"ENSG00000111057"	7.71616792249997	3.25533507439814	7.86272615193156	2.90129540654909
"ENSG00000111344"	4.31910333577558	8.61920704028456	4.34989111289584	8.604270830998
"ENSG00000111432"	5.11164479588823	1.8963214235485	4.66693964127877	2.65885093015586
"ENSG00000111644"	4.55975193070111	2.72373092723743	5.13642144464995	2.35318436695171
"ENSG00000111664"	6.25522014220766	3.08918890408204	6.82318895672948	3.09377811494206
"ENSG00000111981"	5.91036502938522	1.52642313073676	6.07825041134799	1.34149266587619
"ENSG00000112183"	3.89996587525071	7.1584343708778	3.75571548770818	7.24366437822067
"ENSG00000112232"	4.15313587034938	6.55164481907099	3.25363262348676	6.48635967494017
"ENSG00000112333"	1.767449050663	8.13672568235996	1.86173397237991	8.39835183903109
"ENSG00000112773"	8.06277929401912	4.99603647448168	7.891087325062	4.37083002243368
"ENSG00000113100"	0.146414790810743	6.86753521357382	0.265617460872192	6.74091691496809
"ENSG00000113319"	6.31834452139379	10.9317942671102	6.02479514906988	10.5476976434935
"ENSG00000113749"	5.06542567467266	9.15366029234814	4.64013366083044	9.0003839229369
"ENSG00000114270"	7.09976095410457	4.57172854297079	7.97892471113099	4.08005400338115
"ENSG00000114854"	4.63185200921006	2.19680846062399	5.05384359119233	2.0140648197524
"ENSG00000115194"	2.70666495303039	9.87257552840757	2.9601701371578	9.91462014422628
"ENSG00000115232"	6.77811958564497	4.26430380264076	7.11122220768676	3.85945675548936
"ENSG00000115290"	3.34317708749754	6.34017979382207	2.68360451666745	6.03727275959689
"ENSG00000115353"	0.928821642058805	5.99305264682262	1.00821397990531	5.58562908496032
"ENSG00000115457"	4.64951350822966	8.24518055935787	3.48388426709164	8.18248089137115
"ENSG00000115828"	4.72161224707377	8.0971998765567	4.36531878667768	8.19740679995745
"ENSG00000116035"	6.77345101291788	3.23426398099522	7.37065334462721	3.96950174841219
"ENSG00000116329"	3.02371199740623	8.85980133872361	2.69075956112751	8.63144314137781
"ENSG00000116771"	2.06835456483206	5.7696908924942	2.58093979454653	6.00469610333757
"ENSG00000116819"	7.25210884950855	4.62779002358952	7.62336600179644	4.22171258767042
"ENSG00000117069"	1.83987374761531	9.07483678601017	2.07293150836756	9.25763983127107
"ENSG00000117152"	6.54646988634945	12.830662811928	5.93019053175969	12.972523040298
"ENSG00000117245"	3.37799024229258	8.77985481020529	3.30154014333109	9.00839571772727
"ENSG00000117595"	10.1931620955789	4.31384473714436	9.61608848799542	3.23281456381777
"ENSG00000117602"	10.9327149113194	6.23486747878645	11.1964719924608	5.96955816340484
"ENSG00000117724"	2.91676304311366	5.07910137700845	2.62852626552581	4.78132803130673
"ENSG00000118004"	5.79358739433489	3.19637873817075	5.87900343522627	3.15495675408187
"ENSG00000118194"	0.651919994753944	8.32852158516684	0.409398609206459	8.59095150932739
"ENSG00000118308"	3.43357781202476	6.40226074186878	2.80791979416828	6.3357155206017
"ENSG00000118729"	6.76387516995509	3.18945282781823	6.25430284425427	2.95043679523818
"ENSG00000118997"	3.48137752211195	6.07145848754312	3.58594998259352	6.21632395193503
"ENSG00000119042"	4.50911594318667	10.0380097353756	4.50378754952676	9.98843165837725
"ENSG00000119125"	1.63986248184339	11.3205670266174	1.41891535307395	11.0844394236996
"ENSG00000119514"	6.80941391061764	3.48685917353333	7.54831150144226	3.36714787420012
"ENSG00000120149"	7.13626113446655	3.76074142227584	7.00691810744984	3.20104021806094
"ENSG00000120471"	5.21814137283732	2.62637273238265	5.03662021521291	3.31711565926133
"ENSG00000120820"	3.13233864007705	5.21717678001319	2.92065228005929	5.3726505557654
"ENSG00000121101"	5.00530202666332	2.95141262893787	4.74855943034124	2.84395087551619
"ENSG00000121210"	3.0189269227802	5.46991754964997	2.76483710269605	5.26922113687285
"ENSG00000121281"	2.63132186180659	5.51995851510476	2.40312224096583	4.89550022394094
"ENSG00000121716"	6.01387221897419	2.90789844994916	6.5107662024178	2.97378431648802
"ENSG00000122025"	7.4985035812782	4.3976285401971	8.05269112921324	4.26031444632883
"ENSG00000122254"	4.16631375004873	8.85983749778409	3.92337263165534	8.87876795894752
"ENSG00000122548"	5.07771999860287	0.539243702095041	5.01295340861562	0.435464623408995
"ENSG00000122585"	2.14904380067675	7.18542622110137	2.25930856529887	7.62667696546851
"ENSG00000122870"	3.43786263360913	6.25276597305606	3.2641737266227	6.09233915357482
"ENSG00000123119"	6.52807232455377	11.5545051805115	6.34196439768145	11.650664117795
"ENSG00000123454"	3.29901103551284	5.75920623536201	3.41845325768624	5.72342145166133
"ENSG00000123572"	9.68061049372485	0.465349660474057	9.13212962229382	0.860597574120443
"ENSG00000123685"	3.06266835892747	5.68159246041078	3.04254851597855	5.38963214651081
"ENSG00000124134"	3.80383971229105	10.6270898803373	2.99410815960201	10.9215715386681
"ENSG00000124191"	4.22749252370609	8.34901645360475	4.157296279812	8.54572596601704
"ENSG00000124203"	2.13000600506594	6.17724639977772	2.24455183815187	5.65259837540798
"ENSG00000124212"	2.89179363748852	5.38091646937454	2.33884207478357	5.26812629284315
"ENSG00000124493"	12.472102752538	7.0162296095945	12.8510260716457	6.90485235098872
"ENSG00000125492"	8.58640915277503	0.53928565308097	8.98641303702678	0.259261589685782
"ENSG00000125740"	3.43828506713445	7.71119105425199	3.14763594315208	7.54665651706117
"ENSG00000126733"	2.29859942059268	8.51260594408219	2.84324845265329	8.40165148259051
"ENSG00000126895"	5.36284106051628	1.57011959028905	5.61661996026388	1.72850804299536
"ENSG00000127152"	2.54057285341245	8.02867992957719	2.55907906124702	8.03180656142998
"ENSG00000127252"	3.56447947315782	5.75772552015438	3.02960496851946	6.02506134427623
"ENSG00000127325"	6.48205961913588	3.72321158620969	6.68357951225358	3.40256461970067
"ENSG00000127951"	9.4841205503425	5.35022407119303	8.71807180869413	5.21942868990274
"ENSG00000128422"	3.8215980188204	7.53986178491144	4.5287216945041	7.83574368357531
"ENSG00000128564"	4.32190909690425	9.61760618604126	5.16410377564656	10.561106522029
"ENSG00000129682"	5.23329143029046	10.626750349766	5.21273894639978	10.7545307481869
"ENSG00000129910"	9.11964179833033	0.962839765392373	9.80837844374548	1.20063147649589
"ENSG00000129951"	3.17353643237612	8.93292716935312	2.83629027547384	9.25640878216605
"ENSG00000130032"	3.9408271232347	8.45965486578126	3.47298117102126	8.46968854278417
"ENSG00000130176"	3.49698383088737	6.12027866651546	2.90900916605331	6.17196340372976
"ENSG00000130368"	0.328239550043022	7.84950566163902	0.418736138243091	7.82904847993311
"ENSG00000130751"	3.2713388364171	7.24173236617706	3.85376422746919	7.47780398248904
"ENSG00000130768"	7.215222704777	2.11854560887434	6.70180580495645	2.29476888513317
"ENSG00000130829"	3.3883505731238	5.62166149675655	2.70806984868321	5.4171827236783
"ENSG00000131187"	1.78373684223968	6.2627186936823	1.45354940054267	6.38360858213024
"ENSG00000131650"	2.42213411492054	5.72981043051252	2.66720812735147	5.95062922671447
"ENSG00000131969"	3.44916496958893	6.57871252128772	3.44741896342626	6.69919891144427
"ENSG00000132429"	4.69447429712003	7.66537885297927	3.93648441177752	7.62986031833866
"ENSG00000132677"	6.6310258410732	0.284836019274524	7.32059591686097	0.540467774446888
"ENSG00000133019"	2.46176989398623	9.97266654444121	2.03240384952948	9.90720605866138
"ENSG00000133067"	7.44057165561694	3.54462193072129	7.35316554683911	3.40081029376531
"ENSG00000133101"	3.8288930063297	6.95238793075287	3.53559210208474	7.00946624358462
"ENSG00000133874"	7.65117904488062	4.58459089247009	7.88593491447557	4.25821228721092
"ENSG00000134207"	2.43375526226237	5.79693849658124	2.66246052025623	5.40550399916549
"ENSG00000134343"	1.71501849745114	9.48818731170488	1.98152989340332	9.41139945553529
"ENSG00000134917"	4.44093146181739	8.09320660792595	3.9721165229617	8.02337781210205
"ENSG00000135083"	9.13789997810259	4.77610504686453	9.34818776495914	4.61839029752587
"ENSG00000135116"	3.50203579154493	7.59395498039658	3.22829349837538	7.47095630047337
"ENSG00000135253"	7.12383865359225	1.85076835803254	7.5929596904794	1.51041616187384
"ENSG00000135312"	2.66600395705079	5.6236102905433	2.23528988010519	4.99275912423091
"ENSG00000135426"	1.1645629460463	11.7132757285456	1.10529249650166	11.7907010945028
"ENSG00000135502"	3.99595822151925	1.22871009731948	5.11576791775123	1.05079471836059
"ENSG00000135549"	11.7260508867207	6.0317867874998	11.8486993369321	6.03749169719161
"ENSG00000135638"	1.27632841935345	9.0239891233147	1.11744566704834	9.2739052607802
"ENSG00000135903"	6.76370045178318	0.579885785459626	6.43441792140712	0.588107704500812
"ENSG00000135925"	1.36815806811957	5.20281496205417	0.964291311279706	5.11633815284429
"ENSG00000136014"	6.41466469608949	3.41865100816577	6.45592450394549	3.36954175264287
"ENSG00000136099"	4.16522957586183	9.57481472664259	3.35087331001805	9.71643440255367
"ENSG00000136535"	1.22224210119321	10.5028905520927	1.62701594735942	10.6941242006707
"ENSG00000136542"	6.89982505253211	0.808577362975663	6.56379053019437	1.23219237820867
"ENSG00000136546"	2.41073351679083	5.16730011207913	2.68560646444753	5.13769844678535
"ENSG00000137135"	4.54348183024041	2.38093908003448	5.15892081640079	2.83908331925227
"ENSG00000137203"	6.69165795956466	1.02619270024028	7.07016797498693	1.56423988649288
"ENSG00000137463"	7.52206317659528	4.38045134072695	7.36850919141972	4.21680614515698
"ENSG00000137878"	6.57982552351336	1.96210485973293	6.8606695209955	1.581958603174
"ENSG00000138136"	6.03118389001808	0.831168088584489	6.35102696626113	0.951645830312209
"ENSG00000138207"	1.37375739238462	8.88048772406868	2.39016520032834	9.00235367281674
"ENSG00000138378"	5.23135628348366	8.59472693653799	4.9557501317901	8.59948928854169
"ENSG00000138379"	5.37932940869768	2.36880640103049	4.68828715016296	2.03678986437786
"ENSG00000138669"	3.7403179388072	6.20388166450973	3.35240248204853	5.81111752996043
"ENSG00000138675"	7.80494255115606	4.40865802840059	7.64704761279529	4.0588566046973
"ENSG00000138759"	4.45366410141023	7.26503156927215	3.90578365005865	6.78009679745093
"ENSG00000139800"	9.62873444574013	5.56469907863525	9.94203018966724	5.52226263939406
"ENSG00000139874"	4.92334944151091	8.8335767684877	4.78391966697492	8.39656766808429
"ENSG00000139899"	12.7477115095633	5.78022745560798	13.1175151461167	5.72044777034929
"ENSG00000140015"	1.70581384481298	9.19096609013571	1.09014212081064	8.93000637372873
"ENSG00000140506"	5.00513194414271	0.360209626902924	4.87846835928773	0.124684730938526
"ENSG00000140519"	3.52754524619216	6.30808104505125	2.95144694150079	6.13718296300034
"ENSG00000140795"	3.09179447301824	5.06004868789663	2.44324025759619	4.90161548612715
"ENSG00000140873"	8.57752612694943	2.52335424264436	8.88861630065836	2.68521764920922
"ENSG00000140945"	5.28113217246508	10.2636180283908	5.29749021797115	10.1259723154415
"ENSG00000141431"	3.9962460372973	7.09640971549118	4.02144314529871	6.81733600416613
"ENSG00000141655"	3.69587491185006	6.34877517492784	3.31828360666967	6.15571238094198
"ENSG00000141668"	4.65618442645708	10.2715383506186	4.04586029137849	10.2485889779148
"ENSG00000141738"	6.92259981772693	3.07022868168601	7.26578992409221	3.51249695881198
"ENSG00000142611"	3.93997185263012	7.71969965805243	3.86913949582023	7.73033806036375
"ENSG00000142765"	8.06814389536347	3.79458708750834	8.77699644842899	3.70621301506311
"ENSG00000143001"	4.7936510762676	1.95765487511128	5.22865939953875	1.63055595356636
"ENSG00000143032"	9.86659357203064	0.493096759627383	9.92223175693039	1.04613692566469
"ENSG00000143365"	7.34841054149332	1.32087449418755	7.77744265082585	0.757522434969384
"ENSG00000143869"	2.51561310776841	6.35760925640692	2.19992305002891	6.12344302015188
"ENSG00000144119"	4.85074402754731	7.97531292889585	4.8975817294836	8.3012379720683
"ENSG00000144355"	0.337939863725197	7.6503685345706	0.669090547148417	7.55828821646105
"ENSG00000144407"	1.08205946169024	7.27084969736342	1.02764589444148	7.27020093369188
"ENSG00000144488"	6.23026431400385	2.14679529577665	4.66384879444758	2.39433565281115
"ENSG00000144681"	7.19269110411199	2.22504243051853	7.30843514661419	2.08234900637619
"ENSG00000144810"	6.6223693450318	3.4780843230373	5.70366470655801	2.61583977948093
"ENSG00000145063"	1.92856854628445	6.39052408111766	1.72986947136484	6.42723015179027
"ENSG00000145147"	4.92672196472869	9.00920694659461	4.77038534419929	8.78661932663997
"ENSG00000145248"	1.92935570197527	5.43114063936695	2.15520445239481	5.15554589189995
"ENSG00000145423"	4.11881371182731	6.31714805008499	3.393131734264	6.41441410052221
"ENSG00000145451"	5.24023985701176	8.61251171756079	4.72665017919244	8.34563719935624
"ENSG00000145506"	2.69842311189032	5.95819293542452	2.76453206760041	6.34604999840054
"ENSG00000145536"	7.58439263203804	4.31127309092895	7.87021581388124	4.13606378886359
"ENSG00000145632"	5.7209345297607	10.4978046382672	5.78115067900003	10.3499967957064
"ENSG00000145708"	2.80536612512954	6.47667669944333	2.63436558757847	6.64223053670138
"ENSG00000145824"	5.16085756840639	10.4227914363098	5.57035196405117	10.2849441900202
"ENSG00000145863"	12.2820444746936	3.48777038200581	12.2551438203396	3.0928775742465
"ENSG00000146001"	5.87298667023564	3.47899459623242	5.66587915955972	3.14609252546574
"ENSG00000146013"	6.29406512166686	0.927734156064316	6.65917186959161	1.24859874306331
"ENSG00000146233"	6.44446570445587	3.90989456819234	5.99067673284139	3.20620980044973
"ENSG00000146242"	3.10375735590149	8.30261726562157	2.46353237345149	8.22584599090272
"ENSG00000146250"	0.761488702491299	5.10552179099234	1.44181737374681	5.33499064480024
"ENSG00000146360"	1.67311420501161	5.8194269812481	1.14124116025117	5.3698416711928
"ENSG00000146453"	3.03086612455041	5.42189736523444	2.22561822517439	5.21720270236148
"ENSG00000146904"	4.74068490984556	2.45148881095634	5.07806754882495	1.87339023159377
"ENSG00000147041"	2.45675035919169	5.93886122370116	2.40228748026511	6.02037325909295
"ENSG00000147246"	1.84475063864896	5.76109582915053	1.70219259466062	5.20555365684489
"ENSG00000147437"	4.70349465627917	1.82172995325177	5.20221814937149	1.37088877787377
"ENSG00000147571"	0.27506821200656	5.78389011918444	0.757791983892882	5.7659441788036
"ENSG00000147573"	5.48031077927659	1.13868459442192	5.32878259163611	0.499908212542969
"ENSG00000147647"	0.564445050539234	4.69657305718036	0.514875125254926	5.08912708489445
"ENSG00000147655"	5.50363577443261	9.47100082723048	5.56608962088266	9.42005236496318
"ENSG00000147804"	4.36019482815376	7.59883445114481	4.91946931511611	8.08403605077451
"ENSG00000149305"	0.944203653029305	5.95213713721937	0.463148390376181	5.94249174522258
"ENSG00000149488"	7.57912554697698	3.46262984016818	7.81645632883811	3.35658793597231
"ENSG00000150394"	5.40484025286663	9.31366321831867	4.70308037122333	9.22542653174574
"ENSG00000150873"	2.45387324321516	5.5887393193418	1.81187320113713	5.90856644779353
"ENSG00000151490"	4.80243439283937	8.61439332905179	4.59939598334366	8.3531022919332
"ENSG00000151655"	5.1038824484265	3.4193596349055	5.11566435007423	2.6555301862522
"ENSG00000151812"	7.65254189641984	3.04631855657472	7.47772268032364	2.81985978533049
"ENSG00000151838"	5.32848575191421	0.808479352888898	5.31527808780511	0.459340260884975
"ENSG00000151882"	2.29519677492206	5.27520604598162	1.93806855559236	5.34125682383832
"ENSG00000151952"	4.16462056746564	9.20112522838803	4.3131139085237	9.04068765038704
"ENSG00000152034"	0	6.71324272643341	0.153678450726429	6.12117720873164
"ENSG00000152208"	11.0533745389385	6.25410109418186	10.542739369154	6.20159604864157
"ENSG00000152503"	4.80024858960797	9.13334366276738	4.62878351419786	9.1383398645366
"ENSG00000152595"	0.24978700344058	5.85438336231402	0.793072548487629	5.98501828012116
"ENSG00000152931"	3.04556427118552	9.40015856578922	2.28041796804999	9.28219370304008
"ENSG00000152977"	13.6467884730976	7.80752065219033	13.8039092016326	7.69377767046239
"ENSG00000153246"	7.90081701773404	4.50681866482187	7.72182004732372	4.53433719842181
"ENSG00000153266"	0.465993138103821	7.58235122749275	0.709457716218276	7.87922631084305
"ENSG00000153495"	1.87513849752715	5.68687420072998	2.12017139432212	6.68970342707046
"ENSG00000154102"	2.69101281715928	4.70289785046118	2.75143529793136	5.26465333782302
"ENSG00000154146"	4.19944645636656	14.5480154891018	4.62779892232599	14.6949626589721
"ENSG00000154478"	1.76388055881299	8.53594677319871	1.7985970635418	7.95619827391869
"ENSG00000154655"	3.70082625933295	6.24665068162085	2.94296016173712	6.08121089933669
"ENSG00000154736"	8.15566822806018	4.25182508497055	8.01513694239919	4.07197470313842
"ENSG00000154874"	5.2792497691492	2.24707074347236	4.73406840222175	1.14389647627941
"ENSG00000154914"	3.97149819803317	7.01108634467953	3.7938017931299	6.99717676507382
"ENSG00000155760"	10.8563582186213	5.84185530765266	11.1902332933727	5.85035141596196
"ENSG00000156049"	3.99847824221399	7.27239608413455	3.50497970691147	7.19688352794523
"ENSG00000156140"	1.03811222615197	5.97724942334209	1.20620791235272	6.05088156862712
"ENSG00000156463"	1.0788609776597	5.93691953739066	1.25555060084436	6.14274717682696
"ENSG00000156486"	4.77442465807361	8.3628864788154	4.60941715651929	8.41870334143536
"ENSG00000156925"	8.67100255334248	3.56327197748152	8.75575410037338	3.90404888507413
"ENSG00000157005"	0.326839179298917	7.39308892729903	0.590381007533121	7.8403664437992
"ENSG00000157150"	10.6527589469335	5.76508716929075	10.3843801047064	5.52461820186234
"ENSG00000157470"	5.04065283337795	10.1265223360356	4.99683072275448	10.3220080577069
"ENSG00000157502"	2.78532329305642	8.20549104466221	2.91655317338971	7.89378470909739
"ENSG00000157570"	10.0762952900468	5.86942653453946	10.3241087376188	5.75722850207509
"ENSG00000157766"	3.07231227043329	5.79002209739688	2.30270072187539	5.55708984105989
"ENSG00000158008"	5.72884865684875	9.93998852382046	6.13423170416756	10.1741165055338
"ENSG00000158748"	0.183521650049022	4.91571088469471	0.408741464675984	5.26672808617452
"ENSG00000160588"	6.79349917448764	4.29620048976094	6.97714484826819	3.8267866238919
"ENSG00000160593"	7.37089777819403	1.43745764839584	7.98117025203869	1.37375359553302
"ENSG00000161609"	5.70119221444155	0.374971313884027	6.58551846809462	0.369389889522395
"ENSG00000161664"	5.82415594176157	2.82585135324508	6.0850836608118	3.0599142584312
"ENSG00000161888"	1.45611682735991	4.71285995228841	1.9528861412336	5.02433794129375
"ENSG00000161992"	10.8513935539166	1.80154029869638	11.5064838333407	1.97763773208439
"ENSG00000162669"	5.31054329872931	2.68280264764139	5.98776584811569	2.56005060976686
"ENSG00000162745"	2.74451843139253	5.34251739022039	2.17453620307065	4.93609352205253
"ENSG00000162825"	5.45705585183097	3.05630116333045	5.88696070557939	2.99416488190377
"ENSG00000162878"	4.51015019413102	7.71983725785731	4.74142492992567	7.93169264394579
"ENSG00000162951"	4.08003116398461	8.28559522501634	3.75224229091608	8.19016643143975
"ENSG00000162975"	5.78735402071155	9.89971280979699	5.37071208078536	10.0238029984374
"ENSG00000162992"	12.2552835611701	7.06434660664238	12.5713227062432	7.0328183314717
"ENSG00000163126"	4.9454624785146	2.45325492361726	5.3585471279656	2.54051770004293
"ENSG00000163508"	8.32220129916952	0.611768820560723	8.23121957621637	0.45863485717242
"ENSG00000163545"	7.07512957522225	4.19280100533751	7.22556854401565	4.18736947789665
"ENSG00000163673"	2.25392300307707	5.85688922245558	2.61711751639479	5.41750011461866
"ENSG00000163833"	2.35535426287438	5.82647434188333	1.96013102336136	5.6427111335648
"ENSG00000164076"	6.49380544388982	12.0514290038049	6.41039986553287	11.8117271743286
"ENSG00000164099"	2.7317938689515	5.37104140910089	3.10677644595644	4.92908781272553
"ENSG00000164112"	1.11273635173771	9.51475955997065	2.02431254886599	9.37289794870309
"ENSG00000164129"	1.86197707100546	5.14130670687045	1.14914657859181	4.89284827854165
"ENSG00000164142"	5.66447251326106	3.36239372436232	5.53770983541154	3.293294723283
"ENSG00000164326"	0.535515646851168	8.67389755770113	0.696218130217254	8.93801848477674
"ENSG00000164330"	9.46381786453897	5.17066596856761	9.39690378458504	4.70417241564364
"ENSG00000164406"	4.99118816028856	2.62041778015646	5.3423693885133	2.1998868850621
"ENSG00000164438"	6.51315365351243	0.087563730334807	7.06558985431393	0.121287505366432
"ENSG00000164484"	2.81565907328793	5.93523705915243	2.95804521225282	5.74708152217237
"ENSG00000164651"	0.282000613368308	5.05027318815139	0.153678450726429	4.41230418290614
"ENSG00000164778"	10.0267360763334	1.8463712941629	10.4841264238161	1.53405955555358
"ENSG00000164794"	2.29131308562179	9.93267045927892	2.05268288349659	10.0777587552205
"ENSG00000164825"	6.18576880781462	0.573207320332438	5.2189056661124	0.698678591280266
"ENSG00000164853"	7.83272423932561	0.33823725052541	8.37274258900753	0.125364371201471
"ENSG00000164946"	7.70505150128233	4.29140365390722	7.50776860095952	3.73813810447653
"ENSG00000165061"	4.06779212932786	8.70958549254623	3.45531128619102	8.61287025035349
"ENSG00000165066"	5.74392209839466	3.48209100036549	6.37247045113465	3.66974287475604
"ENSG00000165125"	2.84512196239491	7.83896710713475	3.04604114547383	8.1232924408976
"ENSG00000165194"	5.31886829436437	9.2873066253644	5.50600984855549	9.12284252070267
"ENSG00000165215"	5.53941302509401	0.942940289808397	6.01162815967004	1.43911857229701
"ENSG00000165269"	6.7435452408557	3.25427080031409	7.18081342064316	2.99154244892201
"ENSG00000165588"	7.36502913395474	0.532079762422001	7.06791333993055	0.48185724665887
"ENSG00000165591"	6.32386213196929	3.69167390704094	6.34354889588017	3.54022627143633
"ENSG00000165606"	2.43142775360023	5.15648657749692	2.89475650185758	5.19414130398069
"ENSG00000165643"	3.99696292624141	8.06583076401166	4.67660359352661	8.59552961105807
"ENSG00000165899"	2.10567138571651	4.93677455975505	2.04924727525022	5.30033249422759
"ENSG00000165929"	2.56081154281493	6.02270898860374	1.99819956369716	5.71405797618384
"ENSG00000165970"	6.02135771416556	2.94680048550276	5.95148593520026	3.28996813491144
"ENSG00000166006"	3.71780624714418	10.279980832704	4.14808426141014	10.4007104941148
"ENSG00000166145"	7.09394466690509	3.35887185592023	7.33174267743567	3.36211173702014
"ENSG00000166159"	5.32724983970918	9.33128902235507	5.51890318318509	9.55544493641308
"ENSG00000166342"	3.06480288443652	8.49650857616161	3.11686073286413	8.48958967074631
"ENSG00000166569"	5.22693427126845	0.0608368694717697	5.37926906857681	0.125228376177389
"ENSG00000166573"	2.21123927191184	5.09297149237608	2.20617338762605	5.49115132422421
"ENSG00000166596"	1.7618183527885	5.46869409979491	1.39943811285094	5.34378045924243
"ENSG00000166828"	7.72312813829481	3.13643767642282	8.14121711778495	2.33960750756653
"ENSG00000166863"	0.608905187459668	7.04167119602642	0.718251707011738	6.62575215811093
"ENSG00000167306"	3.59817273738149	6.24767414932719	3.23986769412798	6.08024717762368
"ENSG00000168004"	4.31530707067234	6.89366922663696	3.68709762178274	7.0661196160091
"ENSG00000168081"	2.15373763363432	5.24797953725373	2.83038377431002	5.03144683932981
"ENSG00000168135"	2.35628725912566	10.4833437423873	2.74809036953085	10.9004704889865
"ENSG00000168348"	3.07573080288725	5.56170310894623	3.25894206470583	6.04056355616793
"ENSG00000168447"	5.07536363322421	0.241320621268738	5.1712279151819	0.125364371201471
"ENSG00000168539"	2.30333955921258	10.4301564158379	2.95886480785564	10.7632726905201
"ENSG00000168621"	5.91190598620735	2.66375567344116	5.63826106622544	2.78414961729727
"ENSG00000168970"	6.9735995944305	3.54119402642805	7.23591640008477	2.94237986911187
"ENSG00000169035"	4.71209276444549	7.68926872146545	4.22609287273152	7.8397155140082
"ENSG00000169085"	2.91580795755304	6.46584232575116	2.4727851903038	6.2084903497555
"ENSG00000169174"	7.90404036609511	1.98471166139851	7.99306386808831	2.02053672051427
"ENSG00000169220"	4.25270891525845	9.07894665467084	4.31554678803037	8.99821714553953
"ENSG00000169224"	6.56786005638562	1.24940529250011	7.21540349944066	1.53541621198752
"ENSG00000169271"	0.113743373750354	5.92606049712833	0.177956848228858	6.39720164832913
"ENSG00000169436"	7.1368759858267	2.22890738024798	6.82520781272222	2.13134788695098
"ENSG00000169676"	0.148618842934067	5.15437900534573	0.140179593042624	5.25617831854975
"ENSG00000169744"	5.53208845870493	10.7562675920318	4.79383478713654	10.861415344749
"ENSG00000169851"	6.42826785060003	10.5572378829797	6.21312328732961	10.6382422439788
"ENSG00000169884"	1.25243710119496	8.54232514473789	1.79382716926043	8.82451040764429
"ENSG00000170214"	4.26962917490974	7.62053514633028	4.57390901057691	7.74405730073001
"ENSG00000170290"	5.59407080822226	3.21356318199883	6.34722448378491	3.82448950530918
"ENSG00000170370"	3.84718829813313	8.51114950106488	4.05526033581767	8.75652504241698
"ENSG00000170419"	4.07605145037491	10.5365387893648	3.95258026437923	10.325282057189
"ENSG00000170439"	3.17081004815358	5.73515718164784	3.00020423602475	5.83573787947821
"ENSG00000170549"	6.04760688652629	0.246478778886393	5.99251412636917	0.139309315150777
"ENSG00000170561"	6.54581731504988	0.168063561175034	6.67460733894464	0.968441912973627
"ENSG00000170745"	3.87437624428979	6.63142055240007	4.02355317375115	6.70307482015421
"ENSG00000170909"	2.65980651567687	4.77648331952223	3.33246119398289	5.16608869106785
"ENSG00000171094"	3.57161907900048	5.97295895147659	2.79046704720472	5.64470729808917
"ENSG00000171126"	0.574785745130842	5.35631169957077	0.45368529916688	5.28072336999637
"ENSG00000171219"	8.87628398581348	1.48478236084874	9.51275254882023	2.19486203505192
"ENSG00000171241"	6.63915643859696	2.3713492060078	6.39254676407755	2.8010828385678
"ENSG00000171243"	3.99758379484834	6.89670367764527	3.72128775714056	6.96932047562202
"ENSG00000171345"	7.91405005385161	3.36046129120825	7.83496548370059	2.71560969693107
"ENSG00000171509"	0.396667873669036	8.27935039299516	0.452367273799815	8.08905144965523
"ENSG00000171517"	3.29999931471604	5.82387052870942	2.87526550686333	6.1475954222454
"ENSG00000171617"	8.13071024523902	14.1645785263521	8.3874608880739	14.110491770075
"ENSG00000171812"	8.69338902756075	3.72391220732497	8.90061673093542	3.66956306674948
"ENSG00000171819"	6.23796999978844	2.51889717991721	6.55923943271527	1.33857706985573
"ENSG00000171873"	1.34855675827263	6.33418789001657	1.25460284317521	6.14949037581929
"ENSG00000172000"	6.99637992688936	2.6150192357618	7.27529065967899	2.512174130592
"ENSG00000172167"	5.70515976367165	3.11010226502942	5.78322679186136	3.0888860821136
"ENSG00000172349"	10.3911393377585	4.87217990382834	10.4396481837029	4.55873600493527
"ENSG00000172673"	1.2275282094247	6.6962509190419	1.40111020337812	6.79458812899671
"ENSG00000172985"	4.69857367380528	8.22964613669912	4.08044166390444	7.99524851721624
"ENSG00000173452"	3.23937244943186	7.41143690416751	3.07296484216107	6.99406700987546
"ENSG00000173826"	3.24139917977831	5.2874465206416	2.94890386281056	5.2273584964222
"ENSG00000173868"	4.10529053404598	6.63454053825957	4.15276581108859	7.12071630976734
"ENSG00000174171"	5.67601844187951	0.279962954715632	6.69443347610525	0.107889364057291
"ENSG00000174403"	1.13807972371926	5.27688122939786	1.21085502314918	5.69171309939686
"ENSG00000174453"	2.98319515791715	6.87345870336256	2.9022025872929	6.8369263697853
"ENSG00000174482"	3.44612991116579	6.74245774515435	3.06082018936765	6.48644954079271
"ENSG00000174567"	7.85960576181666	4.4444775333881	7.40976042676077	4.71260084130869
"ENSG00000174776"	5.4009713913778	2.49682549063289	4.81047398964103	2.84197572852124
"ENSG00000174788"	9.32391051404655	1.01204131235513	9.14532884455888	0.357501978938782
"ENSG00000174827"	7.11497001205668	1.76398776679633	7.11682968967604	2.08511604419594
"ENSG00000174963"	11.9675036622689	5.55137648979405	11.9820226835766	5.62288225741677
"ENSG00000175077"	1.03091980442061	5.38139963410188	0.802140178113069	5.55471705434752
"ENSG00000175093"	2.92317963386342	5.04876899634624	2.83877219841024	5.38706089441367
"ENSG00000175147"	8.51178435506374	4.07010831987438	8.7972072761445	3.8138232176422
"ENSG00000175262"	6.79370936274229	1.0466464897253	6.67545072995231	1.02244078801825
"ENSG00000175265"	9.74868174335387	5.7400600792657	10.378641200519	5.49653968548058
"ENSG00000175426"	3.73403014150096	9.8829312135553	3.81003675141123	10.0771306052041
"ENSG00000175643"	2.81456602887875	5.39076963885927	2.59598318240336	5.65217140248245
"ENSG00000175874"	3.47331438153228	11.7416968694259	4.02976161467886	11.5555545309913
"ENSG00000176165"	0.930331997318472	10.0236501141963	1.26500264293322	10.1864134388223
"ENSG00000176194"	0.465683920502759	6.3102874937828	0.0888475978312994	6.52919242420997
"ENSG00000176842"	5.55126611308136	0.201797902084433	5.29095207490338	0.212700510892053
"ENSG00000176928"	3.61178019664348	7.26888570005108	3.5234682404798	7.28512677052239
"ENSG00000176956"	4.779031634959	10.981056390095	4.99225733426983	11.2683243580516
"ENSG00000177133"	2.55244440456136	8.37675471516533	3.40855741143353	8.42643789512424
"ENSG00000177238"	8.98107315699036	5.31965903608098	9.62549250122517	5.6541913905451
"ENSG00000177283"	4.25702361973616	6.86665243627745	3.85438195584622	6.8954813816404
"ENSG00000177508"	6.10234132181413	0.997120391424384	6.07825072799264	1.02849781027904
"ENSG00000177519"	4.48216511184806	7.53699025005984	4.13020802079107	7.42725894520857
"ENSG00000177943"	7.79503489790565	4.92292137527677	8.46995047864526	4.69406402034072
"ENSG00000177989"	4.80195924074251	2.48190009223971	5.84108944873788	3.37796834904732
"ENSG00000178015"	2.82838727565022	5.78075579376444	2.66897445975567	6.13895056818674
"ENSG00000178172"	7.10050089941772	0	6.36159707079926	0.264673686352249
"ENSG00000178394"	0.195924354352859	6.15661772726583	0	5.30126547895121
"ENSG00000178403"	5.36894473263524	1.93533397826843	5.35658481009103	2.40398905977168
"ENSG00000178531"	3.37205199378128	10.8970279080828	4.08151532379296	11.352614738749
"ENSG00000178773"	1.62457892590013	8.29325609788516	2.16367070271068	8.47634453981315
"ENSG00000178860"	1.15570380509893	5.54205194414998	1.26117108037792	6.2790734099459
"ENSG00000179388"	2.19626088463972	9.90354665265731	1.91762811962387	9.99667460738199
"ENSG00000179902"	2.88642028540345	4.72536542334086	2.49113806447834	5.21014101800431
"ENSG00000180332"	3.5461405589082	6.62087649291623	3.51792792777147	6.59207935002233
"ENSG00000180347"	5.07745795451732	1.50378193948415	5.13019147219269	1.02797835013512
"ENSG00000180440"	0.705386472888189	7.77592362419393	1.03242061307133	7.50360597744417
"ENSG00000180660"	9.53670507638811	3.03285338527628	9.31017478206724	2.92697208220613
"ENSG00000180720"	1.80785133357085	6.46793026602424	1.66857194571918	6.57365551228383
"ENSG00000180921"	3.67013119042541	7.14953642167866	3.81868812333897	7.683232425855
"ENSG00000181072"	3.55199476842012	6.21815328047487	3.45928829471916	5.84507891939387
"ENSG00000181215"	5.24144833156699	9.18175829997794	5.19856335078541	9.195413467567
"ENSG00000181392"	7.42308538205705	3.24276770622361	7.87082357006356	3.28429319163807
"ENSG00000181418"	2.28375824255823	12.5501653856758	2.95059311296413	12.7314692828491
"ENSG00000181656"	1.25525509378017	7.0044043338258	1.05667473675356	7.13524824832608
"ENSG00000181908"	7.83794628686257	4.68351236061262	7.81504368610329	4.57100394131188
"ENSG00000182010"	1.40981653417456	5.35648105295363	1.30882287318288	5.32608590685953
"ENSG00000182255"	2.5623651001068	7.43375340348768	2.37060325714804	7.1679741793329
"ENSG00000182264"	4.87431562592641	2.36931778608247	5.17299092466139	1.56182654018866
"ENSG00000182463"	4.10580916551968	7.19891450238595	3.98791971632986	6.96075669706487
"ENSG00000182674"	0.484899736382347	6.61328785985032	0.429320828894656	6.56420501306563
"ENSG00000182873"	7.06832844162099	4.48268579974832	7.46136849133032	4.12101493990831
"ENSG00000183090"	0.441745483129857	6.50623178789563	0.0927367278921844	6.09834083589095
"ENSG00000183186"	4.8964218101141	8.99903959700666	4.88936352959617	9.42931507325745
"ENSG00000183287"	2.81270976485774	5.10744347925188	2.90402852194585	4.92320165029808
"ENSG00000183317"	5.12421457754409	8.78142142550311	5.05962047529985	8.75703714083819
"ENSG00000183346"	2.25460998436314	5.13155942326638	1.86345160720794	5.27898859309164
"ENSG00000183578"	4.77963940759873	7.80209003943882	4.47641736756277	7.99237154965444
"ENSG00000183662"	2.97912061463704	8.59755740119702	2.51135863757808	8.58900592008317
"ENSG00000183775"	5.78482220145395	10.1261852618331	5.65466077580753	9.82220408881762
"ENSG00000183801"	5.04034341899562	2.71822578018458	4.50855183654721	3.03274323420889
"ENSG00000183807"	2.93347750203349	5.75058896364799	3.01155941276105	5.72494322308952
"ENSG00000183876"	2.81722000483511	5.27721420443071	2.38111484176825	4.85689765928848
"ENSG00000183908"	3.5230270952338	7.50395387506889	2.83611158076428	7.17746109836858
"ENSG00000184232"	5.41989135676665	8.91072111214336	5.29754925654562	9.16475890349953
"ENSG00000184363"	1.90260067976091	4.77797934285183	2.1729575774889	5.10083660021017
"ENSG00000184385"	0.852965454825041	5.69033503952398	1.40354930217935	5.6659684450087
"ENSG00000184564"	4.47324644780805	0.605833956584162	5.25495038986015	0.523183743519621
"ENSG00000184731"	2.61466958525277	6.38425634612235	3.24141864264165	6.26000086638079
"ENSG00000184828"	4.65677865297994	7.72513263849538	3.98927019882686	7.58530167696342
"ENSG00000184845"	4.56062871062243	7.85514545720112	4.06871567177084	7.84915917104629
"ENSG00000184908"	5.72152773654492	1.61727858313763	6.12518770108437	1.27729972911213
"ENSG00000184956"	5.09604362038221	2.49909219090421	4.92472853553146	1.84020200929168
"ENSG00000185070"	6.06990830707596	10.1800967493503	5.74310779854841	10.0821120203274
"ENSG00000185149"	0.528206416193525	5.61289158377558	1.20096865930659	5.22478661839985
"ENSG00000185303"	5.61216806642912	3.00355096812583	6.06864264483311	3.23395910912156
"ENSG00000185338"	4.64512958414312	1.97738881343414	5.08516230657263	2.08125112200532
"ENSG00000185436"	7.44097430447001	4.39806859443092	7.60587859738127	4.49242502347953
"ENSG00000185522"	4.39235819274037	1.09001923477904	5.19564722564711	1.01239844827751
"ENSG00000185615"	8.51643050113597	5.46898128693921	9.69155356149479	5.55705605730799
"ENSG00000185652"	6.43156171592388	1.44794579128411	6.06450766055429	0.710374329641262
"ENSG00000185668"	2.88620842114082	6.01953780653378	3.00008832884608	6.03018683050129
"ENSG00000185760"	5.10518130167382	10.6789970173375	5.2266040231868	10.6914410603874
"ENSG00000185904"	3.87002605354713	7.30233280663862	3.41597573577812	7.24933392380131
"ENSG00000186007"	5.35809885869822	2.32725765944419	5.63283049909005	2.92464471632693
"ENSG00000186074"	5.04658698623703	1.70361605909126	4.28108221165231	1.30499129261168
"ENSG00000186081"	0.26207789047361	5.63042622629181	0	5.99023168830913
"ENSG00000186094"	4.26887744591039	7.50965326840353	4.09509585836418	7.50066043077913
"ENSG00000186188"	0.663529439651261	5.69540054827908	0.507591144696201	5.59972898122501
"ENSG00000186212"	3.72423874864587	7.14479155048425	3.62109233786983	7.36563478387753
"ENSG00000186297"	4.73654772770763	9.97788389496958	4.09433748432077	9.98729534377042
"ENSG00000186493"	6.04565054974554	0.604797512111915	6.07462303927268	0.999121287940439
"ENSG00000186510"	6.61184893318319	1.18863913256723	7.16544680343436	0.905945858404466
"ENSG00000186642"	6.42509152973723	11.651890994278	6.54585055166717	11.7253455725569
"ENSG00000186732"	5.18135387414934	11.2303649608728	4.86508235254324	11.396732735779
"ENSG00000186854"	3.42764325080633	6.48207281545684	3.34053888515515	6.58477376518577
"ENSG00000186895"	6.34916324853016	0.206868962047218	6.79598074177829	0
"ENSG00000186907"	3.90336933175461	8.45675362832039	3.40868626467387	8.79966137648636
"ENSG00000186960"	0.100417598269146	6.44906219927999	0.3960513199441	6.24694896775823
"ENSG00000187017"	8.42540356604521	2.42243660873636	8.3419271631708	2.47604531502093
"ENSG00000187094"	2.89836414875615	11.7104773195215	3.04636708373769	11.9192383576337
"ENSG00000187122"	5.87730567959397	10.9817341831708	5.97396720978869	10.8000744968426
"ENSG00000187260"	3.37857308686095	5.60229996532476	3.08544590059674	5.42570859158926
"ENSG00000187595"	9.32096117770886	5.33783955444757	9.06576615745466	5.29950837293722
"ENSG00000188011"	3.03575925293821	7.62039811733649	3.79326486716797	7.75359138373241
"ENSG00000188290"	3.13466912285063	5.79279340533969	3.54186610556052	6.35525584237075
"ENSG00000188674"	2.75994124091043	8.74693558799024	3.04627751765971	8.81470511257598
"ENSG00000188687"	4.94309973857656	2.46886350443899	5.0158887450239	2.34722887351624
"ENSG00000188779"	7.9665843212617	3.59632974942334	7.90065420231723	3.75581216464114
"ENSG00000188848"	1.61515466473134	6.11189577569061	1.65751163535496	5.55314410150601
"ENSG00000188910"	5.86213384441164	3.07695967839331	5.87758771816164	3.38423156671408
"ENSG00000189120"	5.17265861738891	2.68812518909618	4.9405668851201	2.76386709386206
"ENSG00000189190"	8.2291403190809	2.9641083088948	8.46856991372763	3.05048074060741
"ENSG00000189223"	2.86507071998073	6.48742610447943	2.18706479589181	6.28236353188312
"ENSG00000189410"	5.61374110423715	9.99882283819833	5.59339967600301	9.88172139394661
"ENSG00000196353"	2.22865880489446	9.50261758438672	1.9409659912756	9.48055435296668
"ENSG00000196369"	5.88357938137868	3.28890249882552	6.47123243359519	3.99531975895355
"ENSG00000196421"	6.93601166346721	2.80311820772786	7.49789813282088	2.86621413520281
"ENSG00000196639"	2.95110378171484	7.97735509508275	2.22739155139537	7.79245674509045
"ENSG00000196668"	6.13941779645973	2.77089466080163	6.76557025018676	2.62669941281345
"ENSG00000196739"	10.0539511619612	5.93457922908686	10.592195255729	5.51010073620716
"ENSG00000197083"	6.5193005517869	3.68020847612031	6.40733314257026	3.38018013044611
"ENSG00000197261"	4.29493226366612	2.67979612796819	5.65008427084069	2.83755868324673
"ENSG00000197467"	8.9062689777623	2.99770485160686	9.22292909614375	2.48389749732327
"ENSG00000197753"	0.503654600520353	5.46322709028456	0.432583865164206	5.57657927235838
"ENSG00000197816"	5.52297756486036	3.41411565857678	5.64373536731525	3.0737335238234
"ENSG00000197852"	2.80961322885066	4.78496218992312	2.53582737654728	5.00553653967456
"ENSG00000198010"	4.40444838361429	8.96792656811379	4.10330530260347	8.97731162505475
"ENSG00000198108"	1.78783802898241	6.9130912840897	1.03734859151748	6.7838008889904
"ENSG00000198598"	5.56080006272219	9.5676246502568	5.87654227783011	9.63828399328324
"ENSG00000198673"	5.56131794676516	9.83063499349566	5.47901315316848	9.68418978989112
"ENSG00000198711"	5.04358557827154	2.88846065177668	4.73880990967911	2.64305139175349
"ENSG00000198768"	5.32192541990661	0.280189215395921	4.23400899464354	0.37256305040954
"ENSG00000198785"	3.12690438755183	7.81884773362108	3.28918386413512	7.11368229563483
"ENSG00000198883"	0.641058794504897	7.4825312608179	1.13605690916055	7.30639532995668
"ENSG00000204001"	6.82710352656304	1.89210496269674	6.97521862917875	2.50288068577809
"ENSG00000204175"	6.74710929046345	2.27046908459905	6.75983304017606	2.21610733715465
"ENSG00000204262"	5.0579067496902	8.49446587913723	4.64117713035892	8.12998800646888
"ENSG00000204677"	5.68351003854904	3.31563237498678	6.3525416103655	2.77157443794265
"ENSG00000204950"	2.61274036910422	7.41103520101138	2.41051369173637	7.59307894590725
"ENSG00000205035"	1.02276244079394	5.41199097274164	1.42615751608775	4.9730974584091
"ENSG00000205037"	3.03741354100406	7.2420863960195	3.15993856424816	7.09391948847433
"ENSG00000205116"	3.265368756253	6.56200858506567	3.42767398004739	6.95085056966814
"ENSG00000205277"	0.628377849876437	5.12450953898692	1.03990062124074	5.65932535220422
"ENSG00000205279"	2.44887241508991	8.6900043663462	2.80020900033256	8.58117117612011
"ENSG00000205562"	1.27493792980076	5.44727621022523	1.47519326028297	5.3741389563653
"ENSG00000205634"	0	5.06378765199633	0	4.9757873129077
"ENSG00000205746"	4.59080504305686	3.10192741049186	5.05877926050146	2.64079410286129
"ENSG00000206145"	2.28930054370676	5.31772430514574	2.9139046208021	5.57561138129067
"ENSG00000206344"	5.2977188039014	2.71334978384187	5.57704730023467	2.72705795664847
"ENSG00000213139"	4.9536833241055	3.08330368942324	5.23636770463055	2.26112672400619
"ENSG00000213171"	8.15928146846321	0.971069356481592	7.66355559996991	1.4800661177145
"ENSG00000213398"	10.043596918693	6.05050286465104	10.0132817208449	5.935178899888
"ENSG00000213938"	2.90638111012429	5.14668495985388	2.84198961288317	5.44691337787063
"ENSG00000213988"	5.30861491179	2.20319453360167	5.15886976286597	1.57878719730169
"ENSG00000214357"	5.21731462447795	8.77398963314007	4.49900293165997	8.52058252590203
"ENSG00000214694"	9.90291239276128	5.39746638302611	9.39584514079168	5.5705607012542
"ENSG00000214783"	4.95437195818401	2.24699955857499	5.04188390477425	2.42978034284235
"ENSG00000215045"	8.48782804910304	4.36246530637948	7.7892819366289	4.14404352940458
"ENSG00000215217"	4.84380116484299	7.78448390447215	4.27772455280868	7.63018603105491
"ENSG00000215252"	9.73476266920794	5.79074119024825	10.1199937472575	5.74998131324079
"ENSG00000215452"	8.6444200646137	1.1117416473199	8.50908103734822	0.559879249425551
"ENSG00000215769"	5.05122555392372	3.22541442433893	5.57327740666206	2.59841605684877
"ENSG00000216863"	0.977592401356879	7.7432802912745	0.898400213996549	7.49388812014146
"ENSG00000217236"	0.46857787555294	5.42664718679911	0.607109791432347	5.42475386515692
"ENSG00000217801"	1.736012075914	5.13265530015508	1.47955203920154	5.10955072275395
"ENSG00000218672"	6.66800558239841	3.64230880795999	6.88620329143438	3.73809313544724
"ENSG00000220323"	6.39733982632144	3.89113578486872	5.64301500564197	3.40588285709349
"ENSG00000221955"	3.15395468238112	6.87664282521449	3.30432773529559	6.65704934106639
"ENSG00000222041"	2.71917175630373	4.9916437041488	2.58011133579018	5.28757779861425
"ENSG00000223403"	4.48513709614579	2.43495292694035	5.10735815591292	3.01647188105929
"ENSG00000223812"	0	4.79875220370946	0.0927367278921844	5.07063423172441
"ENSG00000224223"	0.780111556141787	6.44982359780194	0.657166455848384	6.12566253315568
"ENSG00000224243"	3.37304526008772	5.78138126907535	3.09930636204107	5.7437425736136
"ENSG00000224660"	6.88412719909291	4.2206188431579	7.21142968881262	4.1258516103085
"ENSG00000224717"	4.89664195547781	1.46684492782346	5.451665741526	1.13323012613235
"ENSG00000224825"	0.813974789331339	5.04433451860314	0.63458628582747	4.5327651373397
"ENSG00000224982"	0.0574380286205676	5.5107587672528	0.19914586097525	5.64829857408005
"ENSG00000225110"	1.72736785609564	7.92124201530559	2.52908717690076	7.61929450748472
"ENSG00000225206"	0.381563468030505	5.35519304265946	0.0927367278921844	5.23419211860438
"ENSG00000225361"	2.60268100009434	5.33837068645016	1.99429966453678	4.54371339963298
"ENSG00000225449"	2.61619516396485	5.01746932354738	2.92187559616854	4.90389921259673
"ENSG00000225511"	4.97755362806148	0.657225726332581	5.37065169778745	0.977467233718821
"ENSG00000225649"	5.08136716888326	2.89211662877702	4.1453194650571	2.20366210596122
"ENSG00000225670"	6.44960875855669	3.05047996128221	6.48842380138399	2.27254619563283
"ENSG00000225937"	5.14247725684319	2.50625388325014	4.88678334262068	1.50762984520824
"ENSG00000225953"	0.119386204777757	6.48352721980929	0.235427131245733	6.75010156685848
"ENSG00000225968"	3.73087338551033	6.81748819320745	3.18578641934969	6.45851830241218
"ENSG00000226029"	6.48888573969134	3.74703782069531	6.82928332428134	3.2070282697141
"ENSG00000226239"	5.3326362763337	2.21355380994238	5.37023004467211	2.11814151357786
"ENSG00000226332"	4.75540462586438	1.38374276436764	5.92903255996722	1.66212413599101
"ENSG00000226562"	5.47811369678359	2.96884683048109	5.56555011070837	2.4997292093361
"ENSG00000226762"	0.0491045274530276	5.94847287927774	0	6.05258365922187
"ENSG00000227078"	5.3253567329581	1.76001268233383	5.553368651711	1.50487641254704
"ENSG00000227128"	4.80125402109951	0.380662908839971	5.07281982723939	0.493850555775972
"ENSG00000227487"	7.21167827060935	1.37118446997644	6.38236303849221	1.06060021996287
"ENSG00000227825"	3.45146816316387	6.81696751127501	3.24953830903155	6.69390116799732
"ENSG00000227877"	7.5616057470989	0.501154570033933	7.64280059005747	0.71292843046342
"ENSG00000228393"	5.03000263864725	2.98539188231468	5.10726917858605	2.34036135113571
"ENSG00000228862"	5.37047122077101	0.907652733798672	5.41500129928687	0.342593366037649
"ENSG00000228956"	2.50756427096288	5.54994968830335	1.47384845076164	5.44309478470584
"ENSG00000228971"	0.562599648314716	7.58140827766659	0.94392548976491	7.23930636907591
"ENSG00000229425"	0.174757401034457	6.65684604653985	0	6.45510055627656
"ENSG00000229807"	7.42267519602327	5.76652096641442	4.42738283583597	2.98456112642898
"ENSG00000229847"	5.05376410254976	10.0035969832203	5.11827602030444	10.2181253729851
"ENSG00000230453"	6.69309817850342	4.15023690115416	6.66472811501432	3.76552608622871
"ENSG00000230707"	3.38148366491459	5.5795023046246	2.84078153413494	5.87013560841334
"ENSG00000230839"	2.99326799678615	4.77262159202053	2.86332635470325	5.25488579838463
"ENSG00000231107"	5.03555314208419	1.45488477996484	4.15282339389295	0.856697812916538
"ENSG00000231233"	2.18322027527965	5.47740408554934	1.67941666631415	5.67877297870338
"ENSG00000231359"	7.26073206991162	2.85800451551069	7.21788408339232	2.88511510315746
"ENSG00000231563"	4.92428278567814	2.71793262876651	5.42917707388944	3.06905513592113
"ENSG00000231764"	0.414795621457611	7.68462372113891	0.472997873630698	7.47886434123369
"ENSG00000231824"	8.17567472988695	3.49636434642358	7.85672536872427	3.18290257146779
"ENSG00000231999"	3.42704240066839	5.53503310930897	3.10578378083569	5.51424413839742
"ENSG00000232022"	4.93591237081728	2.22955898281046	5.04002079144765	1.6274916576072
"ENSG00000232229"	2.76872845362355	5.70735232843649	2.86796635655155	5.8723692917521
"ENSG00000232456"	5.76086388885894	2.87288629092065	6.38210414732683	3.08177428796579
"ENSG00000233123"	0.209153198792059	8.53383924788254	0.352236859439406	8.25972383455867
"ENSG00000233452"	4.39120998669839	7.1850507530882	4.20084455752587	7.21959483751179
"ENSG00000233508"	3.54056074168259	7.65110588932701	3.06732507835836	7.46755836825479
"ENSG00000233542"	8.04611763676764	4.72568343685675	8.57604417096451	5.15201692455541
"ENSG00000233705"	2.21432566143105	9.82677228544503	2.31934399957622	9.76142214905198
"ENSG00000233723"	2.75352573729016	4.69744095063719	2.77000259838678	5.18595654637417
"ENSG00000233836"	6.47047036295055	3.50382155651627	5.90039689264917	3.06832680945969
"ENSG00000233885"	5.34827552580997	3.15767738410468	5.60730231381983	2.86880400318678
"ENSG00000234323"	5.31122463691752	2.69303674717719	5.34075709627318	3.23436790106761
"ENSG00000234965"	8.07517068245588	4.75444149210679	8.87344817157404	4.61897177649301
"ENSG00000235531"	2.26427242803515	6.1754345088056	1.6796311450964	6.37913472816355
"ENSG00000235597"	3.33788334194036	6.62353708753597	3.60446132851068	6.35886990404765
"ENSG00000235979"	7.10029574531227	2.85472688598238	7.1233496493906	2.15944377407865
"ENSG00000235994"	5.06045222969475	2.80979819943174	5.0399671683775	2.69945002457954
"ENSG00000236064"	1.09439131859706	4.98955075418889	1.32496785847756	5.49778691243138
"ENSG00000236668"	0.042950326057617	6.05205997608699	0.365689444528998	6.70290498642139
"ENSG00000236922"	0.0775296722020197	5.28761151796548	0	4.38889927350083
"ENSG00000237166"	2.99038404871896	5.01644022704871	2.40748464106904	4.78157279830267
"ENSG00000237515"	4.8193533753908	9.1460204666098	4.42755674720661	8.87269982015522
"ENSG00000239268"	3.76292357648795	5.94306080171514	3.26604733118612	5.79029835498731
"ENSG00000240053"	4.51635206345401	1.57104272265225	5.36268879249121	1.88745519130625
"ENSG00000241563"	2.50410131513619	5.47199181054756	2.58857048431616	5.67575173521944
"ENSG00000242294"	5.91983185864885	3.07567833078311	6.26606847845726	2.87295572149372
"ENSG00000242671"	5.06813203676203	0.066704694207651	4.61274635987886	0
"ENSG00000242715"	3.04999023980497	5.00260356475524	2.47972994572326	4.53156423485088
"ENSG00000242866"	5.14090701296317	1.66884512246793	5.65106925607179	0.792121267885794
"ENSG00000243244"	8.92230048657801	4.49098716426947	8.34626891097662	4.60109326596715
"ENSG00000243620"	5.13664350090672	0.418352783144361	4.60387601168424	0.901421756297455
"ENSG00000243902"	1.85230201008481	5.82392298903275	1.50219628045879	5.8190893440511
"ENSG00000244040"	1.1484029654378	5.18584079323005	1.78659743727103	4.98893188950484
"ENSG00000245694"	6.41419209851665	1.14522917482574	6.37518385182641	0.96766040857885
"ENSG00000245970"	4.85739880748496	2.70480491421394	5.14503843937433	2.55304877031356
"ENSG00000246250"	5.44519000688218	0.440238838479688	5.44065997710806	0.380005449813351
"ENSG00000246363"	0.994533083612615	5.25835926473657	1.2509759203612	5.07752286923017
"ENSG00000246859"	6.37146249717467	3.03350020174903	6.25173646438641	2.71831704310167
"ENSG00000248019"	5.95069668188396	2.88789290924684	6.34578093532073	2.74621341321003
"ENSG00000248285"	0.363809392099651	5.82181193789488	0.711529673552175	5.72824760664851
"ENSG00000248455"	0.246681454615227	5.79420883149758	0.235427131245733	6.07307025833527
"ENSG00000248540"	1.05600335340702	4.91250340822563	1.11924384835405	5.01995112903089
"ENSG00000248587"	5.63382867223908	2.14864667799318	5.46998767455367	1.77486016794265
"ENSG00000248738"	0.639072975777981	5.56197856767379	0.630338120060141	4.75262381252788
"ENSG00000248801"	6.18259193420345	3.49495331050185	6.36543332956531	3.23637429705916
"ENSG00000248905"	4.10787259451702	9.06358933220979	4.36383827495277	8.88740218376864
"ENSG00000249436"	0.0834731252395135	6.61384639052201	0.124621104905413	7.18327753960953
"ENSG00000249550"	2.82981745289837	6.20146489823759	2.43448973688208	6.04613995307865
"ENSG00000249684"	5.02266610194132	2.7876761133592	5.72366454498179	3.05729801448087
"ENSG00000249695"	5.61525608485718	3.09597810761533	5.63268201116406	2.62089682995386
"ENSG00000250208"	8.15633497130171	3.96735199826705	7.9687187999753	3.8231975560478
"ENSG00000250241"	3.82376900553296	6.35068710831399	3.49251902190044	6.37981790786869
"ENSG00000250579"	5.90645396510981	1.93958072690712	6.22030402328644	2.35106389066587
"ENSG00000250584"	0.174935699875974	5.19953266801513	0.153678450726429	5.03414714427735
"ENSG00000251226"	2.57286783799876	5.5727671981249	1.95805025202257	4.94169212651055
"ENSG00000251372"	1.4844672193081	4.48410665991168	2.59531614845016	5.43332325471609
"ENSG00000251396"	3.3163643728909	4.85524693926271	2.52853564778971	5.00706217484064
"ENSG00000251623"	5.34875263923258	2.45207330370252	5.97503936722324	2.15102362939738
"ENSG00000253304"	8.24282580777617	4.29871165317444	7.43037916393262	4.72114591016332
"ENSG00000253361"	6.09153689855172	3.62951759767599	6.33177153568406	3.48499941023576
"ENSG00000253636"	6.50471372858411	4.103835380678	6.80615228651474	3.56695215020227
"ENSG00000253641"	6.09611421118875	2.63633553569548	5.81828618625	2.37294769456058
"ENSG00000253649"	7.2033485484674	3.56506519747541	7.02857572116511	2.92701350479298
"ENSG00000253661"	1.39437856451788	5.07712430493597	1.17534867717613	5.40156634690688
"ENSG00000253678"	5.05745225304047	1.25432491688705	4.77468365137093	1.35848331973446
"ENSG00000253973"	5.11385354799287	2.57171405292213	4.94006447230188	2.49619342826346
"ENSG00000254092"	2.76048399519379	5.6047238506567	2.22881630539383	5.45608780531427
"ENSG00000254187"	1.73405201614779	5.88672260383855	1.38751542251432	5.88976912038054
"ENSG00000254561"	2.54091118300629	4.79895190086096	2.80739360962863	5.30096712305361
"ENSG00000254585"	3.08199870317074	7.10917056270615	3.87152682284482	7.35055052742256
"ENSG00000254827"	0.497444711801675	4.70179922196438	0.426631167363243	5.0601645704966
"ENSG00000254995"	3.95570889042774	1.76931715917765	5.0114786019509	1.50597739351909
"ENSG00000256193"	0.161838653253378	7.58630796125862	0.340146596028489	7.84591199678441
"ENSG00000256463"	3.14255347502043	6.80261859893412	3.20979243520954	6.79293791658334
"ENSG00000256542"	6.22400914135761	3.31275227312743	6.17350918363187	2.95257837021287
"ENSG00000256667"	4.96396563106722	2.50505637840646	5.26703037677137	2.53080608785645
"ENSG00000256943"	6.97182936444909	3.79379425535855	6.73706590267361	3.60386994053306
"ENSG00000257242"	4.62374772024029	2.25187376255158	5.70543653064429	2.26012923796008
"ENSG00000257354"	5.22555138996828	2.60868703337231	5.38486706471406	2.77002590803977
"ENSG00000258702"	2.7353787553623	5.95973030764734	1.79962964315619	5.44873126762986
"ENSG00000258725"	4.64156390594584	2.80211091222057	5.31579191106375	2.73758536728828
"ENSG00000259519"	4.51776144764739	2.4390379382714	5.21400502249992	2.27413835490438
"ENSG00000259583"	3.77879099799159	7.70286148881735	4.20760423245005	7.63711729686357
"ENSG00000259803"	8.72316427869992	0.594253949710533	9.70830961839618	0.735948708103374
"ENSG00000259823"	0.562873508441274	6.37147521512928	0.471397253374288	6.52572260985857
"ENSG00000259867"	4.79624413272306	1.5397411080254	5.09722845491545	1.45535110955438
"ENSG00000260136"	5.01957517714849	2.09313691187747	5.4507276542062	1.92257647700357
"ENSG00000260186"	5.16994476838382	0.744976476855332	5.05790343859178	1.20119285370287
"ENSG00000260261"	5.18972607364552	3.00823823339639	5.00921171322179	2.82487759585162
"ENSG00000260279"	4.86751218143364	2.32198689680846	5.49700149693701	2.9018707708806
"ENSG00000260328"	0.813761317030796	6.98010083987765	0.370588515153331	6.76369528662357
"ENSG00000260412"	3.81576881376948	7.32844440840012	3.4067302790349	7.21124508018618
"ENSG00000260440"	6.20607070057275	0.0475294775419751	6.60332935753225	0
"ENSG00000260776"	5.59261274470377	1.48227307595205	4.49809431506169	1.78004298986806
"ENSG00000260838"	1.72684375277978	6.15839268506445	1.9881404317496	6.51771865399598
"ENSG00000261037"	1.3822406024715	5.56245786104082	1.43481904676848	4.82090389462217
"ENSG00000261183"	4.93270283512898	1.2978662000203	5.35868438768127	1.95306439203299
"ENSG00000261226"	5.29876119575544	2.70175107636962	5.37609445674174	2.6015481886795
"ENSG00000261325"	0.335796270625503	5.24409619468799	0.857841718905006	5.84520632682102
"ENSG00000261326"	5.26834026258487	2.82696311782291	5.57552569097994	2.63973326999557
"ENSG00000261340"	0.997358769663563	5.55990499107553	0.948506775876788	5.87477458785832
"ENSG00000261451"	7.44455086820063	4.14998903550116	7.2819181791388	4.31705130121506
"ENSG00000261526"	7.10366060858634	4.05394455666721	6.95347761186997	4.33819457194192
"ENSG00000261556"	5.9812973645787	3.42888095516307	6.05169402254035	3.21524564583181
"ENSG00000261594"	1.45413691665533	5.88812333644589	2.12661964716059	6.51055511101086
"ENSG00000261606"	5.77223572903834	0.572005474834261	5.78916985326984	0.426323638880035
"ENSG00000261625"	4.5561074143757	1.12725617350922	5.19686087612361	1.43604025473435
"ENSG00000262691"	4.89418550302694	2.11126829732431	5.2632029619233	1.78618453178791
"ENSG00000262877"	7.32821229441207	4.56372177398988	8.45028014869378	4.43965752690669
"ENSG00000263146"	2.79518846923736	7.23243725434203	3.38112111225651	7.75913444954262
"ENSG00000263155"	7.1155441966699	2.99236306807424	7.41481195230706	3.09613287154214
"ENSG00000263878"	0.531725775863437	6.4583516223709	0.888201727927098	6.62075807011575
"ENSG00000263958"	0.735260699892694	4.76768727603201	0.679783277578298	5.11106273453703
"ENSG00000264515"	2.7045703729705	5.19875529788844	2.82190019751157	5.44193234948841
"ENSG00000264659"	5.20566697334028	0.525348943624466	5.40522614510063	0.125364371201471
"ENSG00000265313"	0.57450658924895	5.13645955152079	0.62280477494399	5.12852541494188
"ENSG00000265579"	3.08230728573019	8.84817222769593	3.72547893772096	9.17111421937619
"ENSG00000265962"	6.43078556596363	2.41920304647315	6.23440597205714	1.95903956530722
"ENSG00000266338"	6.79539205396795	4.27777877003771	6.64594930987189	3.62505119499146
"ENSG00000267014"	8.82692723376214	4.92741227038957	8.28369478679343	4.68334944079141
"ENSG00000267249"	6.67994405624976	3.67983262692849	6.77695992318995	4.01524158622202
"ENSG00000267466"	0.467630744022776	7.39611277133952	0.497323347748207	7.47336444389502
"ENSG00000267506"	0.529215003538181	5.83964508359401	0.780132738267019	5.74080819613711
"ENSG00000267934"	5.2181820398403	2.68377534993235	5.03639578004114	2.96798583787829
"ENSG00000268038"	0.946257614763239	5.58771311761406	1.48993574495503	5.89362102562066
"ENSG00000268119"	5.73335173755965	3.92122240854288	5.74332321372515	3.05550376902311
"ENSG00000268433"	5.32406375652987	0.341966484213645	3.47807440320729	0.134033213508393
"ENSG00000268555"	5.95457180378232	2.61485482876936	4.93497363566861	2.03517762108014
"ENSG00000269113"	7.54441707214014	1.7425299340608	6.80840224952266	0.969406505540719
"ENSG00000269235"	5.10179873227496	2.92591140006147	5.35125098680924	3.35639788655651
"ENSG00000270111"	0	5.73707747037694	0.142858289044715	5.94863154673675
"ENSG00000270171"	5.90588324244151	2.66977660253115	6.29380811123948	2.95253380818293
"ENSG00000270231"	5.95168827630792	2.96011138597682	6.17481164795491	2.53164506907111
"ENSG00000270589"	5.06381869962327	2.55634752245453	5.30438494909449	1.96711033029867
"ENSG00000271447"	4.23893439924975	7.31709118775301	4.56464044044635	7.58017408974937
"ENSG00000271533"	6.22138605395702	3.6051296358434	7.00397849884526	3.46761854420537
"ENSG00000271795"	6.27615188674747	1.77197547106037	6.11490727131025	1.57143945174345
"ENSG00000271824"	3.41588131436941	5.5433982322539	3.61469148587153	6.10910676861001
"ENSG00000271860"	2.32978287733325	5.7149691244277	2.08393733449554	5.85920426399356
"ENSG00000271892"	1.96641833881645	5.11171701734331	2.46159115597256	5.66972874385892
"ENSG00000272321"	3.11871359422295	7.79810844985598	3.34866640221286	7.99848040825827
"ENSG00000272398"	2.63317490019813	6.34949876859214	2.54304839637245	6.10099888210212
"ENSG00000272449"	2.19730218614318	4.46815362342187	3.11362497379752	5.39848612944612
"ENSG00000272479"	0.339427747273633	4.79795347337378	0.0927367278921844	5.18732150804439
"ENSG00000272505"	7.8547572373361	4.62099312314208	8.32720432412433	4.43596550117979
"ENSG00000272849"	5.5829631110339	3.41949580539123	5.44022129799262	2.74079896013019
"ENSG00000272871"	4.88382511800285	3.1601021058457	5.55901140565536	3.16594760771738
"ENSG00000272944"	1.10753180487265	4.98530711569463	1.24553479033856	5.22626924482493
"ENSG00000272953"	5.00095310166236	2.55099400761239	5.30175832115991	2.36073281206269
"ENSG00000273066"	5.99381642515771	2.88216299082173	6.59031424164126	3.10089859905623
"ENSG00000273113"	5.35176744884707	2.65413498967012	5.08581867929815	1.95233564213465
"ENSG00000273312"	0.648459759410852	5.16517283614861	1.08537369624007	5.39708551960379
"ENSG00000273373"	6.2816759529002	2.98668151642458	6.17689122666264	2.23816918320498
"ENSG00000273486"	5.35584621055611	2.99229850450022	5.72396952041287	2.92880983878998
"ENSG00000273599"	5.11924519156793	2.93562306274122	4.89731027211521	3.06375666211063
"ENSG00000273706"	9.12834981341921	1.50638109175797	9.31995599603267	1.18935598616909
"ENSG00000274422"	5.81886947570153	3.38204346348042	5.87045254569841	3.44614972375597
"ENSG00000274492"	5.67354772494975	2.96727821351715	5.64127687374439	2.51229256096233
"ENSG00000275038"	5.78004950856457	0.209693282301372	5.46583037954062	0
"ENSG00000275358"	4.7792010304409	1.32674818816164	5.39847894097709	1.18480895370603
"ENSG00000275465"	5.50370020965763	2.47265577291814	4.83921666113939	2.22497076982521
"ENSG00000275830"	2.28858416286036	5.03981708542022	1.78907135880288	4.38009794463011
"ENSG00000276600"	2.84952873766003	5.58980526969694	2.39002949786271	5.32097424700067
"ENSG00000276672"	4.20559650055977	2.52550130118428	5.01840091268373	1.95252264331274
"ENSG00000277011"	5.70391513819219	2.74048474484383	5.33192414139926	2.34425502547347
"ENSG00000277159"	2.57028335997583	5.76125804778535	2.79878189728476	6.11103193875195
"ENSG00000277268"	9.17498422782631	0.724535719424012	9.46043437341056	0.833904915053546
"ENSG00000278012"	5.98624729876023	2.06396515018438	6.34628206347521	2.5933416107767
"ENSG00000278214"	6.33579232863839	2.74833236274901	6.65703560424968	3.10526697486043
"ENSG00000278456"	1.78771225065341	5.07390947062747	2.66294693909579	4.90594368755102
"ENSG00000278867"	4.64953440474103	2.65419489761403	5.15088236470689	2.81635399069161
"ENSG00000279042"	0.432591515112029	5.92582773793347	0.505751679604883	6.40922992515129
"ENSG00000279198"	6.47169130202539	3.29262126166925	6.96272900819626	3.73837200234517
"ENSG00000279249"	9.3036229496141	2.82076330436744	9.45436806292375	2.35496955693198
"ENSG00000279278"	5.69349488747064	2.93475972445957	5.53176298640116	2.45239589152178
"ENSG00000279369"	2.03558251881581	5.41656989573871	2.13207805541616	5.77582900382962
"ENSG00000279744"	5.19500034323493	2.72535427668788	4.9029026379727	1.86513023428085
"ENSG00000279774"	4.95500310961044	0.628735257161469	5.6052920042643	1.47415613570051
"ENSG00000280039"	7.49705834133919	3.30397400708908	7.19863180688591	2.78941794239512
"ENSG00000280152"	5.03360506339256	2.98826984534503	4.33606841192698	2.11829076892853
"ENSG00000280189"	5.08895590520269	0.122818267440815	4.46806949037334	0.124684730938526
"ENSG00000280213"	5.06542524329721	2.51269662404941	5.03614917988167	1.95764014550971
"ENSG00000280399"	4.73387403983911	2.87982406735902	5.23117246720547	2.24535146377677
"ENSG00000280604"	5.41357230344391	1.03250167580297	4.82214264492588	0.65523055815225
"ENSG00000280660"	5.07203131323871	2.46792506615924	3.93517230631838	2.97468535909083
"ENSG00000280809"	6.3542400864636	3.17802663348334	5.77836578291091	3.1053956962038
"ENSG00000281026"	5.62841284076721	2.65607459578679	5.71621177114264	2.57426373987194
"ENSG00000281160"	0	5.39976401643117	0.235427131245733	5.76477198131286
"ENSG00000281880"	6.33721424717026	2.63095573549145	5.99559175352563	2.38148986344158
"ENSG00000283128"	6.26550462156595	0.677009978299751	6.36555555228103	0.849335324057625
"ENSG00000284703"	0.639388480421393	4.88813231214497	0.200682011614037	5.15371304171787
"ENSG00000284946"	5.27011692209755	2.74922509295421	5.15411101556576	2.09013267167291
"ENSG00000284977"	7.87011217491191	4.13309423999366	7.54725100773387	4.08642287146595
"ENSG00000285081"	7.2399124060789	0.444339947265699	7.04641136641556	0.622747260930608
"ENSG00000285578"	2.2312207219179	4.64678076515213	2.96423966813013	5.61660756610708
"ENSG00000285595"	5.10004872548835	0.0843168501168974	4.97160968579165	0.121287505366432
"ENSG00000285844"	0.867063388763478	5.21125345161503	0.707083636720732	5.02807686284947
"ENSG00000285865"	5.55114845299747	1.70238179689549	5.48169078815655	1.35622449413641
"ENSG00000285936"	5.98884074641597	0.419355130132367	6.1047430917842	0
