"hippocampus__3DPI.Veh.NoTBI"	"hippocampus__3DPI.Veh.NoTBI"	"hippocampus__3DPI.Veh.TBI"	"hippocampus__3DPI.Veh.TBI"	"hippocampus__3DPI.Drug.NoTBI"	"hippocampus__3DPI.Drug.NoTBI"	"hippocampus__3DPI.Drug.TBI"	"hippocampus__3DPI.Drug.TBI"	"hypothalamus__3DPI.Veh.NoTBI"	"hypothalamus__3DPI.Veh.NoTBI"	"hypothalamus__3DPI.Veh.TBI"	"hypothalamus__3DPI.Veh.TBI"	"hypothalamus__3DPI.Drug.NoTBI"	"hypothalamus__3DPI.Drug.NoTBI"	"hypothalamus__3DPI.Drug.TBI"	"hypothalamus__3DPI.Drug.TBI"	"hippocampus__29DPI.Veh.NoTBI"	"hippocampus__29DPI.Veh.NoTBI"	"hippocampus__29DPI.Veh.TBI"	"hippocampus__29DPI.Veh.TBI"	"hippocampus__29DPI.Drug.NoTBI"	"hippocampus__29DPI.Drug.NoTBI"	"hippocampus__29DPI.Drug.TBI"	"hippocampus__29DPI.Drug.TBI"	"hypothalamus__29DPI.Veh.NoTBI"	"hypothalamus__29DPI.Veh.NoTBI"	"hypothalamus__29DPI.Veh.TBI"	"hypothalamus__29DPI.Veh.TBI"	"hypothalamus__29DPI.Drug.NoTBI"	"hypothalamus__29DPI.Drug.NoTBI"	"hypothalamus__29DPI.Drug.TBI"	"hypothalamus__29DPI.Drug.TBI"
"1190002F15Rik"	0	1	29	11	0	1	7	27	3	1	7	1	0	2	0	1	4	0	1	2	0	3	1	1	1	0	4	0	2	0	0	2
"1500015O10Rik"	1484	84	60	65	32	34	507	51	16	33	47	51	31	24	10	47	1675	58	100	46	14	868	679	218	83	33	94	42	17	10	57	43
"2810417H13Rik"	3	7	79	119	3	5	23	157	1	3	5	9	2	3	5	3	12	21	13	10	1	8	7	17	2	3	5	5	1	2	4	2
"4930511M06Rik"	15	1	0	0	0	1	8	0	2	1	3	1	1	1	0	2	33	0	1	0	1	17	8	3	1	0	6	3	1	0	1	1
"4933429O19Rik"	36	0	0	0	0	0	17	1	0	1	0	0	0	0	0	0	63	0	0	0	0	36	15	7	0	0	0	3	0	0	0	1
"A830009L08Rik"	14	3	12	1	5	2	4	6	1	0	2	1	0	1	1	1	8	110	4	3	1	13	7	7	1	2	3	4	3	3	0	4
"A830019L24Rik"	3	10	6	6	8	9	4	1	0	0	0	0	0	0	0	0	13	24	5	1	2	8	2	8	0	0	0	1	0	1	0	0
"AI606473"	0	3	1	0	0	0	0	0	24	23	16	33	3	9	3	5	3	0	0	0	0	1	2	2	3	120	14	14	16	102	25	12
"AI607873"	3	8	62	79	3	3	53	204	7	5	8	7	7	11	17	6	13	8	20	7	4	14	9	11	7	16	25	14	2	16	13	4
"AK013627"	219	33	3	9	12	7	107	8	0	2	2	1	1	2	0	1	338	14	6	2	4	230	134	44	1	1	1	3	2	1	2	1
"AK046689"	34	8	2	5	1	1	16	1	1	5	5	1	1	3	1	0	76	8	1	0	3	32	35	9	7	6	4	6	4	2	2	5
"AK147589"	7	10	4	3	5	4	8	3	1	5	0	4	1	0	1	2	3	49	7	4	1	15	14	16	4	4	2	3	0	1	1	2
"AK218399"	0	0	3	0	0	0	122	0	0	4	0	0	2	0	0	0	0	0	123	0	0	0	105	0	0	0	113	152	64	0	85	0
"Abca4"	1001	102	49	50	45	50	487	48	89	87	71	78	52	56	59	135	1539	130	61	44	16	553	593	189	98	106	133	82	35	57	57	88
"Acnat1"	32	5	0	4	3	1	14	7	7	4	2	2	2	7	2	5	62	5	0	1	2	30	12	8	2	3	1	3	3	2	3	3
"Agrp"	2	1	1	2	0	1	2	2	2	243	143	169	67	181	27	462	2	1	2	3	0	0	2	3	70	96	150	90	29	5	58	135
"Amy2a4"	2	0	2	0	5	1	2	1	8	6	2	6	26	3	5	7	1	1	0	0	1	7	0	1	7	37	9	5	4	1	2	5
"Amy2a5"	0	0	10	0	0	0	0	0	2	10	12	0	11	8	0	7	1	0	0	4	0	0	0	0	17	8	27	21	0	0	10	54
"Apoc2"	1	0	51	61	0	0	16	33	0	1	1	0	1	0	1	0	0	0	3	6	0	0	0	3	1	0	0	0	0	1	0	0
"Aqp1"	959	34	10	27	15	9	393	29	12	21	6	9	9	9	13	10	1108	22	26	8	4	567	435	109	17	15	9	12	9	7	5	8
"Arg1"	0	7	23	11	3	4	3	187	8	9	8	6	5	3	4	7	8	3	1	2	0	2	4	3	12	8	16	9	5	5	1	5
"Arhgef39"	10	3	40	47	3	2	20	58	2	1	2	5	3	2	1	6	1	16	5	5	1	7	5	10	2	3	6	1	0	7	3	3
"Atp6v0d2"	0	1	2	2	0	0	3	3	1	1	1	1	1	0	0	2	0	2	20	12	0	0	12	11	0	0	0	0	0	1	1	0
"Aurkb"	5	9	85	117	4	6	34	119	1	3	6	6	3	4	5	5	12	17	8	7	1	13	9	15	0	5	1	2	5	0	4	2
"B430306N03Rik"	2	0	14	25	1	1	8	53	1	3	4	4	2	5	5	3	1	2	2	7	2	3	1	4	5	5	0	6	6	2	5	10
"Bach2os"	0	1	21	15	0	0	7	39	0	2	3	1	0	3	0	2	1	1	3	2	0	3	3	4	2	0	1	3	0	2	2	1
"Bhmt"	7	1	0	0	0	0	9	0	0	0	0	0	2	2	0	0	31	0	0	0	1	20	13	5	0	0	1	0	0	0	0	1
"Bpifa1"	2	2	2	1	1	0	1	2	0	0	9	0	0	0	0	7	4	3	1	1	0	3	2	5	1	3	27	2	4	0	2	11
"Bub1"	2	6	66	97	5	9	21	106	1	3	2	9	3	2	7	8	6	5	6	3	2	10	7	8	2	6	3	2	2	1	1	7
"C1qtnf5"	39	1	0	0	0	1	23	1	0	0	0	0	0	1	0	0	85	0	2	0	0	19	26	5	0	0	0	0	0	0	0	0
"C3ar1"	19	36	425	446	37	22	227	601	29	41	35	53	37	40	35	39	60	60	89	59	8	47	63	91	31	48	56	47	23	31	29	43
"C920009B18Rik"	0	1	10	21	0	1	3	27	0	0	1	0	0	0	1	1	1	1	1	0	0	2	0	4	1	2	1	0	0	1	2	0
"Casc5"	3	6	42	46	5	4	9	65	2	8	6	16	2	5	7	4	7	10	7	4	2	7	7	2	2	5	4	5	0	2	2	4
"Ccl12"	2	5	51	82	2	5	82	135	3	3	9	2	2	2	9	7	8	7	8	1	2	9	1	7	8	9	18	9	1	4	7	7
"Ccl2"	2	2	15	27	1	1	16	90	1	2	7	3	1	2	2	4	3	0	1	0	0	2	0	2	2	5	5	5	2	3	2	2
"Ccl8"	0	3	11	11	0	1	20	5	0	1	3	1	0	0	2	2	1	2	0	2	0	2	0	1	2	0	7	0	1	1	0	0
"Ccnb1"	1	10	62	105	3	1	32	86	1	2	0	3	1	1	0	5	8	6	4	6	0	3	9	6	4	1	4	2	4	1	2	4
"Cd244"	0	0	28	28	1	1	26	40	0	2	1	1	0	0	0	2	2	3	2	2	0	0	3	3	0	0	0	1	0	2	1	1
"Cd300lf"	0	0	29	26	7	2	9	73	4	5	5	2	1	1	3	2	1	0	2	1	0	4	4	5	1	2	5	3	2	3	4	7
"Cd52"	14	11	290	303	13	10	190	321	20	20	30	24	11	14	32	41	18	20	42	38	3	21	26	45	12	29	32	30	7	12	18	12
"Cd5l"	0	0	111	195	0	0	30	169	1	0	0	0	0	0	1	0	0	0	9	3	0	1	5	4	0	0	0	1	0	0	3	0
"Cd72"	1	6	128	169	2	2	76	144	2	3	8	6	3	4	1	6	4	7	13	13	0	3	3	6	6	6	11	7	4	5	6	1
"Cdc20"	18	18	145	173	18	11	45	224	16	13	15	17	10	22	18	15	23	38	16	21	3	21	15	22	21	15	20	20	6	9	11	14
"Cdca2"	5	7	75	117	5	6	30	116	7	12	10	3	3	3	2	6	22	17	10	7	1	15	7	10	6	10	9	10	6	2	7	9
"Cdca3"	28	19	217	254	13	12	67	275	19	18	20	24	17	8	15	15	19	37	18	16	5	22	32	30	26	30	18	24	13	12	19	30
"Cdca5"	6	3	58	88	4	5	17	70	3	0	6	2	1	1	8	3	3	4	5	1	0	16	1	10	4	2	2	6	2	2	1	3
"Cdh3"	150	6	1	1	1	3	55	1	3	4	2	4	2	4	2	3	260	5	3	2	3	53	101	12	6	4	1	8	5	0	4	3
"Cdk1"	12	18	195	219	9	7	66	270	4	14	8	17	5	3	6	2	21	18	7	13	6	16	12	12	9	7	5	7	4	4	3	6
"Cep55"	7	5	75	74	12	4	20	91	4	8	5	17	6	4	4	7	9	15	6	8	1	10	5	4	3	5	5	10	3	2	3	9
"Cga"	0	0	0	0	0	0	5	0	0	105	54	2	1	8	21	136	0	195	1	5	0	0	0	3	0	79	130	1	2	12	16	45
"Ch25h"	30	4	95	112	12	5	58	145	20	7	12	5	9	8	4	3	7	6	17	10	0	8	8	21	7	6	3	5	1	2	1	7
"Chaf1b"	6	7	63	108	9	2	27	130	5	1	7	9	5	5	8	2	10	17	6	9	0	12	15	17	12	10	3	3	3	7	4	4
"Chat"	1	1	3	3	0	2	0	0	162	43	76	74	20	34	19	19	4	8	0	1	0	5	1	4	40	393	53	100	15	309	26	32
"Ckap2"	11	11	215	227	13	15	62	259	32	20	20	26	24	14	16	19	16	36	14	14	4	29	20	28	26	26	35	29	24	12	17	26
"Ckap2l"	11	24	231	289	18	12	78	297	10	14	20	27	14	6	14	18	14	55	25	24	2	18	25	38	20	23	25	34	7	8	10	17
"Cldn2"	830	47	31	15	23	27	379	31	13	24	33	21	18	12	16	28	1365	26	34	7	8	582	464	88	26	26	38	29	13	15	14	34
"Clec4d"	1	0	8	13	0	0	1	47	0	1	1	0	2	1	0	0	0	1	2	2	0	0	1	0	1	0	0	1	1	2	0	0
"Clec4n"	1	2	10	14	3	1	5	49	5	3	3	1	1	2	2	2	6	11	6	8	0	12	1	7	0	2	8	3	6	3	2	6
"Cndp1"	55	8	5	7	5	7	19	5	3	3	9	3	5	5	3	3	114	9	4	1	1	46	45	11	6	4	8	6	2	2	1	11
"Cox8b"	32	5	1	2	7	3	24	2	3	0	0	5	4	1	1	3	39	4	8	1	0	23	15	4	1	0	0	1	1	0	0	1
"Cst7"	1	2	80	100	0	1	59	106	1	4	3	5	4	5	3	3	6	4	42	32	0	4	25	35	2	6	7	5	1	3	2	0
"Cyp4f18"	0	3	39	52	3	0	30	59	2	2	1	2	2	0	1	3	0	1	2	0	0	3	1	3	1	1	4	2	1	0	3	0
"D17H6S56E-5"	28	42	367	521	31	38	205	679	40	57	36	67	35	33	50	47	47	52	41	36	8	64	47	98	41	39	54	63	26	28	20	42
"Defb11"	62	1	0	0	0	0	18	0	0	0	1	0	0	0	0	0	81	3	0	0	0	68	31	7	0	0	0	0	0	0	0	0
"Dkkl1"	23	7	45	19	20	44	17	26	17	17	13	18	14	15	12	15	28	291	14	23	3	35	22	40	18	22	13	20	11	9	12	22
"E230013L22Rik"	26	0	1	8	1	0	10	0	0	2	2	0	0	0	0	1	41	2	1	1	1	20	16	5	2	3	0	0	0	0	1	3
"Eme1"	0	1	21	31	5	5	21	55	1	2	4	2	0	1	5	6	10	8	3	6	0	6	3	5	3	2	1	7	1	0	5	2
"Enpp2"	50835	6271	3854	5011	2337	3166	25743	3367	6529	4672	3807	4552	4032	3480	4104	2857	110995	7880	4442	1586	1011	44655	41746	12844	5971	5290	5508	6604	3333	3738	3607	4426
"Ercc6l"	3	9	42	68	9	5	11	91	2	2	5	9	6	3	9	5	5	5	2	1	3	6	9	2	3	11	10	4	1	1	4	8
"Esco2"	2	5	35	31	2	5	10	52	5	3	1	5	1	0	2	1	5	6	7	7	3	7	5	8	3	4	4	1	3	5	2	3
"F5"	1755	121	18	51	23	54	1049	27	21	57	51	70	39	51	21	59	4625	77	67	5	9	1212	1560	406	65	66	71	68	36	18	46	79
"Fam64a"	5	10	119	110	4	3	34	135	8	9	4	7	2	5	5	4	5	4	6	10	2	10	6	7	8	6	5	9	3	0	5	3
"Fap"	109	13	15	9	11	9	32	14	5	9	8	8	9	13	9	11	263	79	15	2	5	111	81	42	16	5	15	8	2	7	10	8
"Fat2"	1	7	18	10	13	3	14	11	9	3	5	397	9	8	10	9	9	21	11	7	4	11	12	10	5	18	24	4	6	2	10	3
"Fcgr4"	7	3	81	113	1	5	40	111	4	1	4	6	2	4	5	9	2	3	4	4	1	9	1	10	5	4	5	5	1	2	0	4
"Fndc3c1"	1	0	2	1	1	0	1	3	1	134	50	36	0	32	0	290	2	2	2	1	0	0	0	1	12	83	389	139	13	0	101	97
"Folr1"	1195	77	19	28	17	27	536	4	1	30	37	30	13	20	2	22	1702	46	36	4	10	898	696	159	27	16	43	19	16	2	19	46
"Foxa2"	0	0	0	0	0	1	0	0	8	5	10	6	8	7	1	1	1	0	1	0	0	2	0	1	31	5	7	23	5	0	8	16
"Frmpd1os"	20	3	1	0	1	1	12	0	0	0	1	0	1	0	0	0	51	1	3	0	0	29	16	4	1	0	0	0	0	0	0	3
"Fshb"	0	0	0	0	0	0	1	0	0	16	5	0	0	0	4	6	0	69	0	0	0	0	0	2	0	22	21	0	1	4	2	7
"Gbx1"	2	1	0	0	0	3	1	2	17	11	4	7	1	3	3	3	0	1	0	2	0	2	0	0	11	53	23	6	3	41	8	7
"Gfap"	5962	9866	108841	134653	6825	5960	81655	121292	7938	7531	8732	9699	6100	5728	10985	6990	10994	9265	17098	22621	2068	10174	11373	20496	8449	7345	9710	10222	3597	4967	5710	8014
"Gh"	0	0	62	0	11	4	534	5	17	17	1186	0	12	31	1364	0	4	8069	56	164	44	7	20	294	65	2411	1129	98	26	338	220	2872
"Glycam1"	3	3	124	173	2	2	88	157	1	1	0	1	0	0	1	0	8	3	19	15	3	9	6	16	1	1	0	1	0	0	0	1
"Gm11549"	109	76	134	109	74	81	71	137	5	8	7	4	6	9	4	3	144	789	131	93	28	138	107	186	14	11	8	8	6	4	2	13
"Gm11711"	3	2	13	1	9	1	14	2	0	1	0	0	0	0	0	0	4	7	3	0	1	6	4	11	0	0	0	0	0	0	0	2
"Gm14308"	11	6	7	20	14	16	12	4	26	9	4	18	18	8	184	18	26	14	7	7	2	71	143	21	24	426	42	14	8	11	18	22
"Gm4724"	4	4	10	11	5	2	4	35	10	11	8	7	20	8	7	3	357	17	36	5	36	6	6	7	49	8	5	20	6	7	7	6
"Gm853"	18	3	0	0	1	0	8	4	0	0	0	0	0	0	1	0	30	0	1	0	0	4	12	2	1	0	0	0	0	1	1	0
"Gm8898"	1	0	0	2	2	0	0	1	0	1	2	13	8	55	0	3	3	3	1	2	0	2	0	3	4	3	1	3	0	3	2	0
"Gon4l "	1	0	0	0	0	1	1	0	2	17	1	0	0	0	1	14	14	0	0	0	0	0	0	1	1	0	0	0	0	1	1	20
"Gp49a"	3	2	44	48	0	0	22	152	2	4	4	8	1	2	4	8	4	2	9	10	0	4	3	11	4	2	6	1	1	7	7	2
"Gpnmb"	84	152	1442	1645	72	56	770	1048	36	30	37	46	22	44	42	34	161	154	497	492	29	171	325	345	27	34	57	47	18	19	30	36
"Gsg2"	6	4	29	43	4	8	13	52	2	7	4	4	2	0	2	0	7	6	5	4	3	7	2	2	3	2	8	0	2	1	1	2
"H19"	7	3	285	342	15	3	102	223	21	19	14	26	25	11	16	28	9	7	6	9	6	10	10	16	41	30	34	10	11	11	26	26
"Hcar2"	2	1	23	31	1	1	19	54	0	5	2	3	0	4	0	0	4	2	7	4	0	2	3	7	0	3	7	2	2	4	2	1
"Hcrt"	3	3	3	0	1	1	1	1	7732	2371	2365	3041	1862	2315	1164	450	1	8	8	0	0	2	11	2	2070	1597	837	1917	1667	1339	761	1084
"Hmmr"	10	11	154	121	5	9	37	171	9	11	2	12	11	4	6	5	17	30	10	13	6	14	11	20	10	13	3	15	5	3	2	14
"Hmox1"	133	102	712	773	106	95	385	5833	133	146	129	159	128	118	111	134	144	138	140	117	30	129	98	168	152	182	183	203	83	95	122	156
"Htr2b"	3	0	9	16	0	2	6	16	0	1	1	0	2	1	4	1	1	4	2	0	0	1	1	0	1	0	1	1	1	1	1	0
"Ibsp"	10	10	6	7	6	9	8	8	2	1	2	0	0	1	0	2	8	78	5	2	0	13	7	8	3	3	1	1	1	0	4	2
"Ifi204"	4	4	44	117	2	4	76	237	8	10	8	8	8	10	7	18	18	12	19	12	0	16	10	15	6	16	18	8	4	22	15	5
"Ifi27l2a"	6	11	110	259	7	9	132	186	16	31	25	24	17	27	31	38	20	8	12	6	1	13	12	15	31	25	38	22	9	13	22	17
"Igfn1"	141	24	25	27	13	22	53	15	1	6	5	3	1	8	6	5	295	1113	9	33	23	112	151	103	9	10	7	9	3	6	3	13
"Il1rn"	0	0	10	11	0	0	3	21	0	0	1	0	0	2	0	0	0	0	1	1	0	0	0	0	0	0	0	0	2	0	1	0
"Ins2"	18	0	0	0	1	1	9	0	0	0	1	0	0	0	0	0	24	0	1	0	0	26	8	2	0	0	0	0	0	0	0	0
"Iqgap3"	12	15	175	249	16	15	87	314	9	16	15	28	13	11	13	15	20	23	21	20	2	20	14	29	15	13	15	24	7	20	9	15
"Kcne2"	761	15	1	6	5	6	246	4	2	7	5	2	8	5	2	3	1403	16	22	1	4	535	613	79	7	6	5	8	7	3	2	7
"Kcnj13"	999	38	6	11	11	8	438	4	6	10	6	20	2	10	12	90	1797	32	51	22	7	674	652	141	17	16	51	4	10	15	20	11
"Kif18b"	5	11	93	99	9	3	29	134	3	3	5	5	7	7	5	8	8	9	8	10	2	15	13	6	3	6	14	8	1	3	5	2
"Kif2c"	9	7	108	121	12	4	36	118	2	5	4	8	1	6	4	7	10	16	6	12	3	7	10	12	4	8	8	7	4	4	3	7
"Kl"	4572	729	374	489	440	526	2274	312	247	378	225	229	260	267	252	404	8880	778	654	423	134	3236	3434	1312	368	373	442	380	189	199	238	367
"Krt23"	20	1	0	1	1	4	8	0	3	0	0	1	1	0	0	1	24	0	0	0	0	30	8	4	1	1	5	0	3	2	0	2
"LOC100038947"	1	0	3	11	0	0	2	11	0	0	0	0	0	0	1	1	0	0	0	0	0	0	0	0	0	0	1	0	0	0	2	0
"Lcn2"	14	3	713	1083	10	39	363	1400	14	13	5	5	13	11	45	0	9	13	9	3	1	67	10	3	14	23	7	2	4	7	15	5
"Lgals1"	375	284	2669	3113	200	206	1385	2779	115	109	119	126	107	103	130	185	531	381	401	369	72	478	406	467	111	158	188	123	77	97	130	143
"Lhx8"	0	6	0	1	0	0	0	0	107	87	41	110	7	35	2	28	5	0	0	0	0	1	1	1	19	351	59	101	62	334	64	35
"Lilrb4"	8	5	136	184	3	2	71	441	8	18	10	18	9	11	14	12	17	10	38	30	0	8	25	46	5	16	19	11	12	7	11	10
"Lipm"	2	3	9	1	1	3	4	2	0	0	0	0	0	0	0	0	11	1	6	6	1	3	3	21	0	0	0	0	0	0	0	0
"Ly9"	1	3	77	94	7	4	55	145	5	4	7	15	3	7	6	8	7	6	46	23	1	6	9	19	7	12	17	11	2	8	6	5
"Lyz2"	152	142	3047	3345	132	75	1266	3643	199	243	229	239	150	135	265	380	278	193	942	739	33	263	470	659	241	256	335	218	114	159	209	195
"Mei1"	8	9	16	9	16	12	8	26	0	4	1	1	2	5	1	1	46	188	22	26	2	34	27	30	5	3	3	1	1	2	0	2
"Melk"	3	3	53	81	4	1	23	77	2	3	2	5	2	4	6	4	10	19	5	7	2	8	5	5	7	12	8	7	2	7	3	6
"Milr1"	2	4	48	92	2	1	47	70	6	4	4	5	2	7	6	1	5	6	5	4	0	3	5	13	5	7	10	5	3	3	1	3
"Mki67"	32	43	593	823	43	45	215	1055	17	19	50	52	18	9	40	40	77	106	60	63	13	65	61	74	39	33	37	28	16	22	29	21
"Mmp12"	0	0	13	9	0	0	6	11	0	2	0	0	0	0	0	0	2	0	18	11	0	0	8	7	0	0	1	1	0	3	0	1
"Ms4a6c"	7	10	144	250	15	8	75	274	20	12	10	17	15	18	14	28	17	23	30	8	4	17	15	37	13	14	40	13	5	12	15	22
"Ms4a6d"	13	15	155	177	14	7	76	300	18	15	6	14	20	17	15	24	21	25	28	27	5	19	20	37	12	22	23	12	8	10	20	16
"Msr1"	2	2	107	129	1	2	48	347	6	4	4	6	1	5	5	8	4	8	10	13	1	4	7	14	6	6	9	4	1	8	5	5
"Mylk2"	4	1	12	9	1	0	12	5	0	0	0	1	3	0	0	6	1	0	0	1	0	1	1	1	0	0	0	1	0	0	0	0
"Ncapg"	11	7	60	86	13	2	23	101	4	3	2	10	5	4	2	6	6	14	8	6	3	10	5	13	10	14	8	6	1	5	6	6
"Neil3"	4	5	45	48	6	4	15	61	3	5	1	5	3	0	2	4	10	12	5	6	1	10	6	6	3	5	5	6	5	3	5	2
"Ntrk1"	3	6	0	1	3	0	1	2	92	52	39	57	24	22	16	14	0	6	0	0	0	4	3	2	19	258	46	66	17	117	24	67
"Nusap1"	20	13	129	176	18	11	44	203	8	9	10	15	8	6	10	13	27	28	19	22	7	25	16	23	11	26	10	23	6	5	11	21
"Oca2"	117	11	9	9	11	11	53	9	2	7	6	1	3	5	2	8	187	14	14	4	2	88	63	17	3	11	5	5	1	6	4	4
"Olfr1507"	7	0	0	0	0	1	9	0	0	1	1	1	2	5	0	2	27	1	0	0	0	6	16	0	6	4	4	2	1	0	0	0
"Olfr570"	16	1	0	0	0	2	6	0	0	0	0	0	0	0	0	0	49	0	1	0	0	21	11	1	0	0	0	0	0	0	0	0
"Otx2"	491	64	14	25	9	30	258	4	57	65	71	74	55	62	24	28	1057	31	29	5	7	353	366	127	101	104	67	96	52	43	69	107
"Otx2os1"	20	2	0	1	0	4	16	0	0	0	1	2	1	4	2	0	59	1	1	0	0	27	22	6	0	2	0	0	0	1	0	2
"Ovol2"	16	10	23	18	14	10	7	15	1	0	0	1	1	0	0	0	33	114	17	18	6	37	20	19	3	1	1	1	2	0	0	0
"Pbk"	9	16	256	286	11	7	52	223	7	9	15	14	10	2	3	3	13	20	12	16	4	17	13	12	6	3	4	8	3	2	3	9
"Pdcd1"	0	1	8	14	0	1	16	19	0	0	4	4	0	2	0	0	2	1	1	1	0	2	3	4	4	0	0	2	1	0	0	0
"Phf11b"	3	4	18	41	3	3	22	69	5	5	8	3	5	4	7	3	3	9	4	7	1	11	4	7	2	8	3	6	2	5	4	2
"Pitx1"	0	0	0	0	0	0	0	0	0	24	5	2	1	5	1	25	0	6	0	0	0	0	0	0	0	13	23	0	2	1	4	4
"Pomc"	23	19	15	15	20	14	350	32	92	1144	865	812	950	970	2085	1986	33	3648	14	121	7	23	16	54	965	12292	1876	1358	655	335	1057	1887
"Pon1"	22	0	0	0	0	0	16	1	0	3	1	1	1	0	1	0	30	0	1	0	0	18	10	6	0	2	0	0	0	0	0	2
"Pou4f1"	3	2	2	3	0	2	1	0	6	3	22	0	0	2	2	1	0	3	1	0	0	2	0	0	20	4	4	1	1	0	3	9
"Prc1"	24	27	366	437	22	23	86	436	34	35	43	42	32	22	33	30	29	58	36	32	5	43	30	48	35	43	46	56	26	20	28	29
"Prl"	0	3	11	0	4	2	106	2	4	6	292	0	4	10	324	0	1	2285	15	48	11	3	3	37	13	764	297	20	5	114	73	363
"Prlh"	0	0	0	0	0	0	0	0	3	31	19	27	20	35	64	46	0	0	0	0	0	0	0	0	10	6	14	17	13	2	6	10
"Prr32"	215	20	0	14	10	10	129	8	0	2	2	0	1	1	0	1	429	21	7	1	2	275	125	43	1	0	1	3	2	1	1	2
"Ptpn7"	0	2	12	19	5	0	3	28	2	0	0	5	1	0	7	1	3	1	1	1	0	1	2	5	2	1	4	0	0	2	3	1
"Ptx3"	7	11	68	114	12	8	45	180	4	8	3	7	2	2	4	0	14	12	23	20	2	12	10	11	1	6	6	6	1	3	1	11
"Pyhin1"	1	3	25	33	0	4	28	80	7	4	3	3	2	10	11	5	3	7	6	2	0	8	5	4	12	4	6	6	4	7	9	3
"Rbm47"	166	15	28	39	3	6	87	33	9	12	10	14	4	9	11	28	343	21	14	5	3	105	128	47	27	13	24	16	6	4	8	11
"Rmrp"	4	5	18	11	6	4	99	2	1	0	17	1	1	27	1	5	2	1	0	1	0	0	4	2	0	1	1	7	0	1	6	1
"Rn45s"	28309	30307	44779	54051	24653	16950	237749	16634	11536	12965	63901	20935	10518	66832	7145	18667	13573	11197	7103	4988	1556	9882	13401	15236	8547	10625	9186	21628	4727	9178	8558	10228
"Rpe65"	3	10	1	16	1	1	3	11	0	0	0	1	2	2	0	1	11	41	9	1	0	4	8	1	2	0	1	1	1	0	2	0
"Rpph1"	5	8	35	41	16	12	161	11	10	7	64	2	5	65	6	19	4	3	2	0	1	1	7	3	5	11	11	28	5	8	3	5
"Rrm2"	23	33	349	500	31	27	120	615	37	46	30	37	40	28	36	39	45	47	43	26	7	52	42	46	55	31	59	46	24	19	34	40
"Serpinb11"	0	0	0	0	0	0	0	0	2	16	2	5	1	3	5	3	1	0	0	0	0	0	0	0	3	4	7	4	1	1	3	13
"Serpinf2"	9	24	208	226	9	11	138	69	1	5	3	6	0	1	1	0	20	40	37	52	2	20	13	37	2	2	2	2	0	0	0	1
"Ska1"	1	3	18	21	1	0	5	34	0	3	2	0	1	0	1	3	1	5	4	2	1	1	5	5	0	2	0	1	2	2	0	0
"Slc16a8"	197	4	2	0	2	3	79	0	1	2	0	0	2	1	1	3	194	2	2	0	0	100	87	15	1	5	3	2	0	2	0	4
"Slc23a3"	11	5	8	4	6	9	8	7	0	0	0	3	1	0	0	0	11	71	6	7	1	9	8	14	0	2	0	1	0	0	0	1
"Slc24a5"	85	7	8	8	10	9	29	9	14	6	10	6	7	8	7	0	187	10	11	6	2	71	62	13	11	8	11	9	11	6	7	7
"Slc28a3"	50	4	0	1	1	3	22	2	0	5	11	5	5	6	4	12	108	1	4	1	0	44	50	8	9	14	7	10	3	0	5	7
"Slc4a5"	1148	31	2	15	4	16	476	8	6	7	9	9	5	2	3	2	2006	11	15	2	8	667	703	143	5	4	5	14	6	6	2	4
"Slfn9"	3	7	59	67	2	10	23	136	6	17	8	9	5	5	3	8	12	21	6	4	4	9	6	7	12	9	11	12	3	11	5	8
"Smim22"	21	2	2	0	1	1	5	0	5	2	0	0	1	1	0	5	36	2	1	1	0	29	18	4	2	7	3	1	2	4	3	2
"Sostdc1"	737	102	47	66	47	49	271	48	80	60	52	67	46	47	34	43	1317	109	60	43	20	623	556	176	62	88	62	73	30	54	55	50
"Spc25"	5	8	98	140	9	6	42	157	6	8	10	11	6	4	8	6	11	19	14	4	3	20	5	24	8	6	5	7	7	1	6	4
"Spp1"	59	130	2538	2918	87	64	593	7572	288	188	141	1371	175	183	170	659	283	383	784	551	27	96	377	630	226	249	506	194	123	155	190	158
"Sprr1a"	0	0	35	86	0	1	21	25	4	11	3	7	2	0	1	11	0	0	0	1	0	0	0	0	2	8	39	8	1	1	6	6
"Steap1"	175	9	10	7	2	3	82	6	4	9	5	8	8	7	1	5	313	7	5	5	1	177	94	34	6	7	14	6	2	0	9	10
"Sult1c2"	15	3	0	2	0	1	15	0	0	0	0	0	0	0	0	0	63	4	1	1	0	28	18	3	0	1	0	0	0	0	0	0
"Tagln"	122	91	404	666	155	83	341	1870	120	153	140	220	158	84	139	141	183	98	156	76	23	85	143	165	112	129	162	84	84	53	90	98
"Tc2n"	47	7	3	5	4	6	23	3	2	9	6	2	1	4	1	3	139	4	1	2	0	49	42	25	1	8	4	7	3	2	9	5
"Tgm1"	1	1	1693	2455	2	1	671	2883	3	6	5	3	6	8	0	5	2	3	33	77	0	2	14	28	10	4	2	3	1	2	2	5
"Timp1"	9	1	512	615	6	1	209	681	9	17	17	12	15	14	15	37	8	12	19	22	0	3	8	14	26	14	27	9	5	2	16	8
"Tk1"	2	9	103	114	5	1	29	132	18	18	8	16	9	8	16	15	6	14	6	7	1	9	3	7	18	17	13	15	12	3	12	9
"Tmem27"	21	2	0	0	0	1	19	0	2	1	0	5	1	3	2	4	38	1	1	0	0	27	21	3	0	3	0	5	2	0	2	1
"Tmem72"	457	11	0	9	4	5	258	1	2	4	5	8	4	1	2	6	891	8	9	0	1	288	315	51	4	5	12	5	1	3	0	4
"Tmprss11a"	91	2	0	0	1	1	35	1	0	0	1	0	1	1	0	0	173	3	0	0	2	69	66	11	0	0	0	0	1	1	0	0
"Tnni2"	2	4	16	29	1	1	10	17	2	4	8	4	2	1	2	70	6	4	5	6	3	9	6	8	3	3	9	5	1	3	4	6
"Tnnt3"	1	7	5	11	1	2	4	3	5	12	12	17	7	9	1	163	3	1	6	1	0	2	4	4	12	25	22	12	11	4	5	24
"Tns4"	19	7	15	15	3	3	15	27	1	7	4	7	3	3	1	4	98	9	1	3	5	25	33	5	1	4	4	5	1	2	3	4
"Top2a"	38	56	606	909	39	47	192	974	21	25	33	44	20	18	25	31	49	88	41	65	15	50	50	75	33	27	30	17	13	14	14	27
"Treml2"	9	12	63	104	9	7	59	134	7	14	7	7	7	6	7	9	5	11	8	16	1	14	8	21	8	10	10	6	3	11	7	6
"Trpv4"	685	35	49	55	22	31	310	62	50	58	54	49	37	60	42	46	961	47	45	17	9	332	476	91	55	63	57	63	30	22	42	45
"Tshb"	0	1	0	0	0	0	0	0	0	7	5	1	0	3	2	15	0	1	0	0	0	0	0	0	0	5	16	0	0	0	4	13
"Ttr"	153447	3737	104	1619	773	1613	51077	216	107	104	141	200	291	65	84	104	202011	2018	1849	218	655	121497	74415	14544	253	56	172	206	253	107	149	95
"Tubb6"	20	18	387	448	17	13	126	511	35	33	35	49	22	24	33	32	18	21	24	28	8	25	14	25	38	45	50	43	21	18	43	37
"Ube2c"	2	4	155	180	4	5	54	220	3	9	6	8	4	3	2	9	7	8	11	9	1	3	16	10	4	10	9	6	3	3	7	5
"Vim"	777	976	16001	18316	750	523	9497	15618	738	1381	1390	1665	911	1091	641	2015	1252	1149	2287	2300	192	1060	1402	2391	1354	1407	2013	1308	644	496	1123	1505
"Wdr72"	96	1	1	1	0	6	36	1	4	4	6	14	9	4	7	7	125	5	0	0	0	57	48	11	12	10	3	2	3	1	3	6
"Wdr86"	201	10	8	10	5	2	122	2	2	3	4	5	6	6	4	5	298	11	12	3	2	133	116	35	8	7	14	5	5	5	7	2
"Wdr86 "	25	0	2	2	0	1	12	0	0	0	0	0	2	0	2	0	24	1	0	0	0	7	4	1	0	1	2	0	0	1	0	0
"Wfdc2"	181	8	4	11	3	8	54	5	8	5	8	4	9	3	1	17	240	12	2	2	2	126	75	13	11	3	27	1	2	1	1	0
"Xlr4a"	5	0	10	6	4	0	7	6	1	4	69	11	24	3	22	7	26	2	5	0	0	0	0	2	3	8	2	91	2	0	27	10
"Zbp1"	2	2	11	40	1	1	20	90	2	8	1	5	3	5	7	5	6	9	3	1	2	5	4	3	7	11	9	4	1	6	2	6
"Zscan10"	18	1	1	0	0	2	8	0	1	2	0	2	1	0	0	0	28	3	0	0	0	22	16	4	1	1	0	0	0	0	3	1
